,timestamps,TP9,AF7,AF8,TP10,Secondary Timestamp,emg_signal
0,1686190193.121,78.613,335.449,210.938,7.324,1033.017,318
1,1686190193.125,262.695,204.59,76.66,30.762,1033.021,318
2,1686190193.129,-23.926,-20.508,-4.395,-21.973,1033.025,318
3,1686190193.133,-281.25,44.434,48.34,-62.5,1033.029,318
4,1686190193.137,-41.016,280.762,187.012,-14.16,1033.033,319
5,1686190193.141,242.676,-123.535,12.207,33.203,1033.037,319
6,1686190193.145,60.547,-505.371,-126.953,-19.043,1033.041,319
7,1686190193.148,-249.023,-45.41,90.332,-68.359,1033.045,319
8,1686190193.152,-135.742,148.438,110.352,-35.645,1033.049,319
9,1686190193.156,193.848,-98.633,50.293,10.254,1033.053,319
10,1686190193.16,157.227,-98.633,69.824,-9.766,1033.057,319
11,1686190193.164,-191.895,-120.117,-49.316,-61.035,1033.06,319
12,1686190193.166,-92.773,198.73,84.961,-31.25,1033.088,319
13,1686190193.17,-272.461,-154.297,-48.34,-54.199,1033.092,319
14,1686190193.174,19.531,-325.195,-21.973,-15.137,1033.096,319
15,1686190193.178,239.746,-166.016,78.613,11.23,1033.1,319
16,1686190193.181,-8.789,-95.703,73.73,-28.809,1033.104,319
17,1686190193.185,-266.113,-210.938,-60.547,-66.895,1033.108,319
18,1686190193.189,-77.148,-857.422,-366.699,-19.531,1033.112,318
19,1686190193.193,232.422,-549.316,-107.422,20.996,1033.116,318
20,1686190193.197,116.211,366.211,224.121,-20.508,1033.119,318
21,1686190193.242,-225.586,-178.223,-156.738,-62.988,1033.139,319
22,1686190193.246,-156.25,-546.387,-231.934,-42.48,1033.143,319
23,1686190193.247,16.113,-228.516,-61.523,-32.715,1033.166,319
24,1686190193.25,206.055,60.059,139.16,6.836,1033.146,319
25,1686190193.251,-273.438,-549.805,-94.727,-66.406,1033.17,319
26,1686190193.254,216.797,465.82,239.746,4.395,1033.15,319
27,1686190193.255,-84.961,104.492,145.02,-40.527,1033.174,319
28,1686190193.258,-165.527,-242.676,-155.273,-42.48,1033.154,319
29,1686190193.259,237.793,297.852,174.316,0.488,1033.178,318
30,1686190193.262,-281.25,-982.91,-431.152,-52.246,1033.158,318
31,1686190193.263,126.465,-60.547,12.207,-20.996,1033.182,318
32,1686190193.266,94.238,-197.754,83.984,-11.23,1033.162,318
33,1686190193.267,-229.004,-410.156,-145.02,-66.406,1033.186,318
34,1686190193.269,253.906,495.605,242.676,4.883,1033.166,318
35,1686190193.271,-213.867,-354.492,-124.512,-49.805,1033.189,318
36,1686190193.273,-77.637,-83.984,-50.293,-40.527,1033.17,318
37,1686190193.274,145.996,-173.34,35.645,9.766,1033.193,318
38,1686190193.277,-278.809,-302.246,-33.691,-68.359,1033.174,318
39,1686190193.278,195.801,-154.785,57.129,12.207,1033.197,318
40,1686190193.281,23.926,265.625,175.781,-20.996,1033.178,318
41,1686190193.282,-142.09,-56.152,41.504,-47.852,1033.201,318
42,1686190193.285,270.02,480.469,181.152,7.812,1033.182,318
43,1686190193.286,-235.84,119.141,117.676,-54.688,1033.205,318
44,1686190193.29,83.496,18.066,45.898,-1.953,1033.209,318
45,1686190193.316,244.141,-57.129,20.996,10.254,1033.212,320
46,1686190193.32,-39.551,104.98,74.707,-40.039,1033.216,320
47,1686190193.324,-264.648,71.289,75.684,-56.641,1033.22,320
48,1686190193.328,-12.695,-177.246,-14.16,0.0,1033.224,319
49,1686190193.332,229.98,-909.18,-358.887,41.992,1033.228,319
50,1686190193.336,21.484,-869.141,-302.734,-15.625,1033.232,319
51,1686190193.34,-264.648,-461.426,-177.734,-81.055,1033.236,319
52,1686190193.343,-112.793,-464.355,-137.207,-45.41,1033.24,319
53,1686190193.347,223.633,51.27,148.926,3.418,1033.244,319
54,1686190193.351,148.926,505.859,219.238,-13.672,1033.248,319
55,1686190193.355,-190.918,280.273,103.516,-62.012,1033.252,318
56,1686190193.359,-208.008,-563.477,-215.332,-59.082,1033.255,318
57,1686190193.376,143.066,-474.609,-92.773,-8.301,1033.272,318
58,1686190193.38,242.676,516.602,280.273,0.0,1033.276,318
59,1686190193.384,-102.539,208.008,9.277,-48.34,1033.28,319
60,1686190193.388,-256.348,-221.68,-84.961,-66.895,1033.284,319
61,1686190193.392,62.012,101.562,134.277,-17.09,1033.288,319
62,1686190193.396,256.348,211.426,150.879,6.348,1033.292,320
63,1686190193.4,-23.438,-219.238,-61.035,-32.715,1033.296,320
64,1686190193.403,-284.668,-585.449,-216.797,-65.43,1033.3,320
65,1686190193.406,-172.852,-759.766,-221.191,-39.551,1033.303,320
66,1686190193.407,-45.898,-79.59,52.734,-40.527,1033.303,320
67,1686190193.41,206.543,288.574,255.859,15.625,1033.307,319
68,1686190193.411,264.16,323.242,180.176,3.906,1033.307,319
69,1686190193.414,177.734,233.398,52.246,8.301,1033.31,319
70,1686190193.415,98.145,-52.734,-20.996,-14.16,1033.311,319
71,1686190193.418,-191.406,-99.121,-27.344,-55.176,1033.314,319
72,1686190193.419,-263.672,-875.977,-456.543,-57.129,1033.315,319
73,1686190193.422,-239.258,83.008,100.586,-61.035,1033.318,318
74,1686190193.426,116.699,121.582,131.348,-11.719,1033.322,318
75,1686190193.43,224.121,-183.105,47.852,0.977,1033.326,318
76,1686190193.433,-98.633,-206.543,19.531,-50.293,1033.33,318
77,1686190193.437,-268.555,80.566,89.844,-65.43,1033.334,318
78,1686190193.437,-271.973,-237.305,-56.641,-62.012,1033.335,318
79,1686190193.441,-74.707,33.203,93.262,-21.973,1033.339,317
80,1686190193.441,30.273,297.363,161.621,-12.207,1033.338,317
81,1686190193.445,219.727,-359.375,-84.473,30.762,1033.343,317
82,1686190193.445,245.117,-27.832,66.895,19.043,1033.342,317
83,1686190193.449,-3.906,-280.273,-20.996,-24.414,1033.346,317
84,1686190193.449,81.055,-716.309,-169.922,1.465,1033.347,317
85,1686190193.453,-224.121,-19.043,79.102,-56.152,1033.35,318
86,1686190193.457,-162.598,-127.93,-0.977,-31.738,1033.354,318
87,1686190193.461,181.641,-261.23,48.34,22.949,1033.358,318
88,1686190193.464,189.941,-71.777,85.938,9.277,1033.362,318
89,1686190193.468,-165.039,76.66,80.078,-49.316,1033.366,318
90,1686190193.472,-247.07,-10.742,47.852,-48.828,1033.37,318
91,1686190193.476,85.938,-784.18,-227.539,13.672,1033.374,318
92,1686190193.48,229.004,-557.617,-92.285,14.16,1033.378,318
93,1686190193.481,-62.988,322.266,178.711,-46.875,1033.391,318
94,1686190193.485,-269.043,-49.805,-37.109,-61.035,1033.395,318
95,1686190193.489,9.766,-168.457,-4.883,-13.184,1033.399,318
96,1686190193.493,270.508,254.395,176.27,20.02,1033.403,317
97,1686190193.497,37.109,386.23,135.254,-18.066,1033.407,317
98,1686190193.501,-283.203,-425.293,-264.648,-48.828,1033.411,317
99,1686190193.505,-128.906,-950.684,-336.426,-14.16,1033.415,317
100,1686190193.508,212.891,34.668,165.527,14.648,1033.419,317
101,1686190193.512,130.371,472.656,180.176,-12.207,1033.423,317
102,1686190193.516,-219.238,-57.129,-63.477,-54.199,1033.427,317
103,1686190193.52,-199.219,-36.133,47.852,-37.598,1033.431,317
104,1686190193.524,162.109,397.461,215.82,11.23,1033.434,317
105,1686190193.556,210.938,413.086,143.066,3.418,1033.453,319
106,1686190193.56,-144.043,-13.184,12.207,-52.734,1033.457,319
107,1686190193.564,-268.555,-80.078,56.152,-62.012,1033.461,319
108,1686190193.568,68.848,355.957,194.336,-20.996,1033.464,319
109,1686190193.572,239.746,390.137,156.25,-0.977,1033.468,319
110,1686190193.576,-62.012,-273.438,-115.723,-37.598,1033.472,318
111,1686190193.58,-291.504,-518.066,-211.426,-66.895,1033.476,318
112,1686190193.583,-33.691,-216.797,9.766,-22.461,1033.48,318
113,1686190193.586,220.215,294.434,132.812,11.23,1033.482,318
114,1686190193.587,256.348,20.996,137.207,16.602,1033.484,318
115,1686190193.59,162.598,154.785,82.52,-16.602,1033.486,318
116,1686190193.591,36.621,-646.484,-288.086,-12.207,1033.488,318
117,1686190193.594,-186.523,134.277,87.402,-65.43,1033.49,318
118,1686190193.595,-310.059,-834.961,-296.875,-61.035,1033.492,318
119,1686190193.598,-203.613,111.328,84.473,-48.34,1033.494,318
120,1686190193.599,-144.043,121.582,195.312,-42.48,1033.496,318
121,1686190193.602,147.461,133.301,111.816,-2.441,1033.498,318
122,1686190193.606,229.004,-53.711,39.062,11.23,1033.502,318
123,1686190193.61,-103.516,-112.793,14.648,-36.621,1033.506,318
124,1686190193.613,-266.602,-57.617,26.855,-73.242,1033.51,318
125,1686190193.617,30.273,-208.984,15.625,-29.785,1033.514,319
126,1686190193.621,249.512,53.711,132.812,1.465,1033.518,319
127,1686190193.625,-10.254,263.672,112.305,-44.434,1033.522,319
128,1686190193.629,-275.391,79.59,41.016,-72.754,1033.525,319
129,1686190193.631,-72.266,-572.266,-176.758,-20.508,1033.528,319
130,1686190193.635,214.844,-688.965,-123.535,10.254,1033.532,319
131,1686190193.639,69.336,186.523,187.988,-35.645,1033.535,319
132,1686190193.643,-256.348,54.688,-10.742,-69.824,1033.539,319
133,1686190193.647,-174.805,-317.383,-93.262,-50.293,1033.543,319
134,1686190193.651,172.363,-76.66,92.285,-11.719,1033.547,319
135,1686190193.655,161.133,62.5,115.234,-19.531,1033.551,319
136,1686190193.658,-191.895,-224.121,-97.168,-63.965,1033.555,317
137,1686190193.662,-270.02,-892.578,-403.809,-54.199,1033.559,317
138,1686190193.666,81.055,-611.816,-159.668,-9.766,1033.563,317
139,1686190193.67,220.703,275.879,209.961,-6.348,1033.567,317
140,1686190193.674,-116.699,-226.562,-122.559,-57.129,1033.571,317
141,1686190193.676,-300.293,-545.898,-191.895,-76.66,1033.572,317
142,1686190193.68,12.207,235.352,222.168,-29.785,1033.576,317
143,1686190193.684,256.836,612.793,253.418,-2.93,1033.58,317
144,1686190193.688,0.0,114.746,30.273,-45.898,1033.584,318
145,1686190193.692,-287.598,-194.336,-31.25,-84.473,1033.588,318
146,1686190193.696,-84.473,-98.145,46.875,-44.434,1033.592,318
147,1686190193.7,244.629,157.715,156.738,-3.418,1033.596,318
148,1686190193.703,107.422,-317.871,-141.602,-26.367,1033.6,318
149,1686190193.707,-249.512,-751.953,-270.996,-67.871,1033.604,318
150,1686190193.711,-175.781,48.828,148.926,-58.105,1033.607,318
151,1686190193.715,200.684,416.992,181.152,8.789,1033.611,318
152,1686190193.719,205.566,261.23,130.371,11.23,1033.615,318
153,1686190193.722,-176.758,17.09,40.527,-75.195,1033.619,318
154,1686190193.726,-277.832,-158.203,-48.34,-93.262,1033.623,317
155,1686190193.73,84.961,81.055,76.66,-18.066,1033.627,317
156,1686190193.734,226.562,57.129,70.312,-3.906,1033.631,317
157,1686190193.738,-76.172,-89.844,10.742,-53.223,1033.635,316
158,1686190193.742,-269.531,-266.602,-147.949,-55.176,1033.639,316
159,1686190193.746,-17.09,-169.922,6.348,-12.207,1033.643,316
160,1686190193.749,228.027,-596.191,-133.789,28.32,1033.647,316
161,1686190193.753,7.324,-760.254,-220.703,-6.836,1033.65,316
162,1686190193.757,-271.484,0.488,86.914,-53.711,1033.654,316
163,1686190193.761,-111.328,-61.523,8.301,-20.508,1033.658,316
164,1686190193.765,232.422,99.609,110.84,27.832,1033.662,316
165,1686190193.766,154.297,421.387,196.289,12.695,1033.663,317
166,1686190193.77,-213.379,189.453,64.941,-34.668,1033.666,317
167,1686190193.774,-207.031,-121.094,-25.879,-21.484,1033.67,317
168,1686190193.778,164.062,-61.035,41.992,35.645,1033.674,317
169,1686190193.782,231.445,145.996,124.023,46.387,1033.678,317
170,1686190193.786,-104.98,-85.938,-36.133,0.977,1033.682,317
171,1686190193.79,-241.699,-682.617,-326.172,1.465,1033.686,317
172,1686190193.793,74.219,-855.469,-269.531,59.082,1033.69,317
173,1686190193.797,269.043,68.848,137.695,61.523,1033.694,317
174,1686190193.801,-12.207,354.492,116.211,4.395,1033.698,317
175,1686190193.805,-264.648,-138.672,-76.66,-30.273,1033.702,317
176,1686190193.809,-15.137,79.102,104.004,17.578,1033.706,316
177,1686190193.811,288.574,527.344,251.465,61.035,1033.722,316
178,1686190193.815,95.215,304.199,54.199,26.367,1033.726,316
179,1686190193.819,-241.211,-154.785,-44.922,-16.602,1033.73,316
180,1686190193.823,-118.164,21.484,111.816,7.324,1033.733,316
181,1686190193.827,231.934,401.855,185.059,52.734,1033.737,316
182,1686190193.831,170.41,68.359,33.203,35.156,1033.741,316
183,1686190193.835,-210.938,-663.086,-258.301,-15.137,1033.745,316
184,1686190193.838,-230.957,-676.758,-230.957,-14.16,1033.749,316
185,1686190193.842,155.273,58.594,145.02,37.598,1033.753,316
186,1686190193.846,246.582,222.656,104.98,43.457,1033.757,316
187,1686190193.85,-111.328,-636.23,-274.414,0.488,1033.761,318
188,1686190193.854,-261.23,-433.594,-15.137,-21.484,1033.765,318
189,1686190193.856,78.125,393.066,228.516,18.066,1033.767,318
190,1686190193.86,292.969,330.078,112.793,49.316,1033.771,318
191,1686190193.864,24.902,65.43,27.344,0.977,1033.775,318
192,1686190193.868,-243.652,35.645,50.293,-37.598,1033.779,318
193,1686190193.872,-25.391,226.562,150.391,3.906,1033.782,318
194,1686190193.876,262.207,-100.098,-8.301,49.316,1033.786,318
195,1686190193.88,105.469,-359.863,-91.309,18.066,1033.79,318
196,1686190193.883,-208.496,26.855,77.148,-33.203,1033.794,318
197,1686190193.887,-126.465,100.098,63.965,-2.93,1033.798,318
198,1686190193.891,216.309,-389.648,-85.449,60.547,1033.802,318
199,1686190193.895,194.824,-500.0,-93.262,36.621,1033.806,318
200,1686190193.899,-146.973,121.582,124.512,-28.809,1033.81,318
201,1686190193.916,-210.938,33.203,25.879,-25.879,1033.813,318
202,1686190193.92,139.16,4.883,79.102,24.902,1033.816,318
203,1686190193.924,274.902,304.199,170.898,34.668,1033.82,318
204,1686190193.928,-53.711,259.766,75.684,-19.531,1033.824,318
205,1686190193.932,-260.254,-54.199,-28.32,-40.527,1033.828,318
206,1686190193.936,24.414,-302.734,-28.809,10.254,1033.832,319
207,1686190193.94,265.625,-161.133,77.637,38.574,1033.836,319
208,1686190193.943,24.414,-134.277,-7.324,-3.906,1033.84,319
209,1686190193.947,-269.531,-363.77,-213.379,-41.504,1033.844,319
210,1686190193.951,-95.215,-857.91,-345.215,8.301,1033.848,319
211,1686190193.955,237.305,-427.246,-8.789,47.363,1033.852,319
212,1686190193.959,130.859,268.555,176.27,9.277,1033.856,318
213,1686190193.961,-231.445,-392.09,-246.582,-39.551,1033.87,318
214,1686190193.965,-188.965,-532.715,-208.496,-33.203,1033.874,318
215,1686190193.969,180.176,289.062,237.305,6.836,1033.878,318
216,1686190193.973,201.66,507.812,201.172,3.418,1033.882,318
217,1686190193.977,-160.156,-76.66,-67.871,-39.551,1033.886,317
218,1686190193.981,-265.137,-481.445,-195.312,-54.688,1033.89,317
219,1686190193.985,77.148,-40.039,48.828,-12.207,1033.894,317
220,1686190193.988,245.605,541.016,256.348,11.719,1033.898,317
221,1686190193.992,-73.73,-257.324,-175.293,-34.18,1033.902,317
222,1686190193.996,-305.664,-769.043,-301.27,-62.012,1033.906,317
223,1686190194.0,-8.301,160.645,190.918,-18.066,1033.91,318
224,1686190194.004,258.301,425.781,175.293,14.648,1033.913,318
225,1686190194.007,34.668,75.684,32.715,-21.484,1033.909,318
226,1686190194.011,-281.738,-169.434,-28.32,-66.406,1033.913,318
227,1686190194.015,-133.789,-125.0,15.137,-42.969,1033.917,318
228,1686190194.019,222.656,174.805,127.441,5.371,1033.921,319
229,1686190194.023,124.512,-73.73,-35.645,-14.16,1033.925,319
230,1686190194.027,-207.031,-450.684,-219.238,-57.129,1033.929,319
231,1686190194.031,-174.805,-340.332,-120.117,-47.363,1033.933,319
232,1686190194.034,139.16,-119.629,35.645,1.953,1033.936,319
233,1686190194.038,180.664,-348.145,-56.152,7.324,1033.94,319
234,1686190194.042,-160.645,-243.652,-28.32,-56.152,1033.944,318
235,1686190194.046,-286.133,152.832,80.078,-68.848,1033.948,318
236,1686190194.05,31.25,21.973,8.789,-4.395,1033.952,318
237,1686190194.052,213.867,-353.027,-85.449,12.207,1033.961,318
238,1686190194.056,-55.176,-58.105,72.754,-47.852,1033.965,318
239,1686190194.06,-283.691,147.461,68.848,-76.172,1033.969,316
240,1686190194.064,-44.434,-62.5,-0.488,-39.551,1033.973,316
241,1686190194.068,249.023,14.16,88.379,1.465,1033.977,316
242,1686190194.072,68.848,-45.41,38.574,-27.832,1033.981,316
243,1686190194.076,-266.113,-299.805,-173.828,-81.055,1033.985,316
244,1686190194.079,-162.598,-657.715,-300.781,-43.457,1033.988,316
245,1686190194.083,184.57,-781.738,-214.844,26.367,1033.992,316
246,1686190194.087,165.527,22.461,90.82,6.836,1033.996,317
247,1686190194.091,-187.5,156.738,41.016,-53.711,1034.0,317
248,1686190194.095,-234.863,-187.012,-74.219,-55.664,1034.004,317
249,1686190194.111,123.535,162.598,119.141,-12.207,1034.007,317
250,1686190194.115,225.098,470.215,210.938,-3.906,1034.011,317
251,1686190194.119,-112.793,131.836,-18.555,-48.828,1034.015,317
252,1686190194.123,-280.762,-200.195,-90.332,-66.406,1034.019,317
253,1686190194.127,35.645,146.973,151.367,-14.648,1034.023,315
254,1686190194.131,252.441,262.695,162.109,15.137,1034.027,315
255,1686190194.135,-25.391,-200.684,-93.75,-33.691,1034.031,315
256,1686190194.138,-310.547,-746.094,-318.359,-70.312,1034.035,315
257,1686190194.141,-206.055,-649.902,-215.332,-47.852,1034.037,314
258,1686190194.142,-84.961,-484.863,-52.246,-37.109,1034.039,314
259,1686190194.145,196.777,450.684,266.113,1.465,1034.041,314
260,1686190194.146,248.535,364.746,238.281,4.883,1034.042,314
261,1686190194.149,192.871,299.805,68.848,2.93,1034.045,314
262,1686190194.15,100.586,251.465,27.344,-20.508,1034.046,314
263,1686190194.153,-170.898,-69.336,-50.293,-51.27,1034.049,314
264,1686190194.154,-279.297,-849.121,-492.188,-61.523,1034.05,314
265,1686190194.157,-238.281,2.93,21.973,-43.945,1034.053,314
266,1686190194.161,109.375,68.359,102.539,20.996,1034.057,314
267,1686190194.165,228.516,-288.086,-72.266,31.25,1034.061,314
268,1686190194.168,-88.379,-478.027,-185.059,-23.926,1034.065,315
269,1686190194.172,-273.438,-47.363,-2.93,-48.34,1034.069,315
270,1686190194.176,4.883,182.617,92.773,-6.348,1034.073,315
271,1686190194.18,231.445,-329.102,-103.027,29.785,1034.076,315
272,1686190194.184,-15.137,-796.875,-300.293,-6.348,1034.08,315
273,1686190194.186,-275.391,-126.465,27.344,-58.594,1034.096,315
274,1686190194.19,-81.055,148.438,97.656,-22.949,1034.1,315
275,1686190194.194,242.676,127.441,83.984,22.461,1034.104,315
276,1686190194.198,148.926,297.852,139.648,-0.488,1034.108,315
277,1686190194.202,-203.613,185.547,49.316,-42.48,1034.112,315
278,1686190194.206,-191.406,-108.398,-84.961,-27.344,1034.116,315
279,1686190194.21,157.227,-570.801,-169.434,30.273,1034.12,314
280,1686190194.213,194.336,-458.008,-21.973,15.625,1034.124,314
281,1686190194.217,-139.648,104.004,83.008,-42.969,1034.127,314
282,1686190194.221,-246.094,-120.605,-72.754,-43.457,1034.131,314
283,1686190194.225,95.215,-180.176,-8.789,6.348,1034.135,314
284,1686190194.229,271.484,333.496,199.219,20.996,1034.139,314
285,1686190194.261,-37.109,117.676,36.621,-20.508,1034.158,315
286,1686190194.265,-272.949,-474.121,-290.527,-41.016,1034.162,315
287,1686190194.269,-24.902,-777.344,-298.828,4.883,1034.166,315
288,1686190194.273,256.348,-29.785,148.926,29.297,1034.17,315
289,1686190194.277,60.059,447.266,171.387,-14.648,1034.174,315
290,1686190194.281,-272.949,-422.852,-222.168,-57.617,1034.178,316
291,1686190194.285,-138.672,-534.18,-145.02,-32.227,1034.182,316
292,1686190194.288,220.215,419.922,244.629,16.602,1034.186,316
293,1686190194.291,225.586,410.645,132.324,22.949,1034.187,318
294,1686190194.292,159.18,535.645,148.438,0.0,1034.19,318
295,1686190194.295,-133.301,-53.711,-81.055,-38.086,1034.191,318
296,1686190194.296,-213.379,-277.344,-119.141,-49.316,1034.193,318
297,1686190194.299,-284.668,-269.531,-134.277,-59.57,1034.195,318
298,1686190194.3,-229.98,-460.449,-30.762,-45.41,1034.197,318
299,1686190194.303,42.969,31.25,91.797,-10.254,1034.199,318
300,1686190194.304,151.367,316.406,211.426,10.742,1034.201,321
301,1686190194.307,250.977,337.891,167.969,16.113,1034.203,321
302,1686190194.311,-47.363,-203.125,-93.262,-33.691,1034.207,321
303,1686190194.315,-307.617,-579.59,-261.23,-71.777,1034.211,321
304,1686190194.318,-57.129,-217.285,-30.273,-36.133,1034.215,321
305,1686190194.322,242.188,103.027,94.238,-0.488,1034.219,325
306,1686190194.326,71.289,-89.844,-36.621,-23.438,1034.222,325
307,1686190194.33,-256.836,-91.309,10.254,-65.43,1034.226,325
308,1686190194.334,-151.367,159.668,86.914,-45.41,1034.23,331
309,1686190194.336,203.613,133.301,50.293,14.16,1034.247,331
310,1686190194.34,131.348,-768.066,-382.812,10.254,1034.251,331
311,1686190194.344,-233.398,-787.109,-305.664,-55.176,1034.255,336
312,1686190194.348,-238.77,38.086,82.031,-56.152,1034.258,336
313,1686190194.352,113.281,23.926,31.738,-2.441,1034.262,336
314,1686190194.356,211.426,-121.582,18.555,-2.441,1034.266,336
315,1686190194.36,-118.652,-215.332,-84.473,-54.688,1034.27,336
316,1686190194.363,-296.875,-219.238,-117.676,-66.895,1034.274,340
317,1686190194.367,6.836,-374.512,-110.84,-2.93,1034.278,340
318,1686190194.371,225.586,-770.996,-210.449,20.508,1034.282,340
319,1686190194.375,-5.859,-116.211,60.547,-36.133,1034.286,343
320,1686190194.379,-271.484,194.336,50.293,-63.477,1034.29,343
321,1686190194.396,-85.449,-203.613,-58.594,-27.832,1034.292,347
322,1686190194.4,229.98,149.902,138.672,12.207,1034.296,347
323,1686190194.404,94.238,478.027,165.039,-21.484,1034.3,351
324,1686190194.408,-261.23,37.598,-33.203,-79.102,1034.304,351
325,1686190194.412,-187.5,-152.832,-11.23,-54.688,1034.308,351
326,1686190194.416,192.871,82.031,132.324,8.301,1034.312,354
327,1686190194.42,170.41,59.082,64.453,-1.465,1034.315,354
328,1686190194.423,-205.078,-392.09,-221.68,-55.176,1034.319,354
329,1686190194.426,-317.383,-931.641,-511.719,-61.035,1034.322,354
330,1686190194.427,-255.371,-545.41,-167.969,-57.129,1034.323,354
331,1686190194.43,-30.273,-628.906,-181.152,-31.738,1034.326,355
332,1686190194.431,99.609,130.371,187.988,-13.672,1034.327,355
333,1686190194.434,266.113,461.426,256.348,-6.836,1034.33,355
334,1686190194.435,249.023,587.891,233.887,-0.488,1034.331,355
335,1686190194.438,24.414,197.266,29.785,-41.016,1034.334,355
336,1686190194.439,-75.684,133.789,-31.25,-43.457,1034.335,355
337,1686190194.442,-241.699,-193.359,-76.172,-82.031,1034.338,355
338,1686190194.446,-44.434,-104.492,3.418,-37.598,1034.342,355
339,1686190194.45,238.77,72.266,77.637,9.277,1034.346,355
340,1686190194.453,128.418,-142.578,-33.691,-21.973,1034.349,355
341,1686190194.457,-232.91,-261.23,-41.992,-75.684,1034.353,356
342,1686190194.461,-189.941,108.887,76.172,-53.711,1034.357,356
343,1686190194.465,175.293,356.934,169.922,-2.93,1034.361,356
344,1686190194.469,191.406,-301.758,-126.953,-4.883,1034.365,356
345,1686190194.471,-171.875,-845.703,-352.051,-62.012,1034.367,356
346,1686190194.475,-270.996,-88.867,32.715,-85.938,1034.371,356
347,1686190194.479,74.219,256.348,127.93,-21.484,1034.375,356
348,1686190194.483,255.371,230.957,104.004,14.648,1034.379,356
349,1686190194.487,-44.922,103.516,53.711,-40.527,1034.383,356
350,1686190194.491,-306.152,-310.547,-192.871,-80.566,1034.387,356
351,1686190194.495,-44.434,-168.945,-25.391,-31.738,1034.391,356
352,1686190194.498,228.027,-572.754,-134.766,15.625,1034.395,357
353,1686190194.502,33.691,-741.211,-235.352,-15.625,1034.399,357
354,1686190194.506,-245.117,38.086,80.078,-60.059,1034.403,357
355,1686190194.51,-96.68,-5.371,11.719,-27.344,1034.407,357
356,1686190194.514,254.883,130.371,90.332,25.391,1034.41,355
357,1686190194.517,178.711,382.812,157.715,0.0,1034.415,355
358,1686190194.521,-211.426,3.418,-49.316,-53.223,1034.419,355
359,1686190194.525,-239.258,-487.793,-277.344,-33.203,1034.423,353
360,1686190194.529,139.648,-231.934,-76.172,21.484,1034.427,353
361,1686190194.533,212.891,354.492,176.758,10.254,1034.431,353
362,1686190194.537,-146.484,-14.16,-84.961,-45.898,1034.434,351
363,1686190194.541,-283.691,-716.797,-357.422,-52.734,1034.438,351
364,1686190194.544,23.926,-577.637,-158.203,-2.93,1034.442,351
365,1686190194.548,251.953,422.363,239.258,11.23,1034.446,351
366,1686190194.552,-19.043,358.398,85.449,-38.574,1034.45,351
367,1686190194.556,-290.527,-182.129,-117.676,-67.871,1034.454,351
368,1686190194.56,-48.828,54.199,63.965,-23.926,1034.458,351
369,1686190194.561,264.16,534.668,248.047,11.719,1034.47,351
370,1686190194.565,96.191,319.824,48.828,-16.113,1034.474,350
371,1686190194.569,-246.094,-168.945,-176.758,-55.176,1034.478,350
372,1686190194.573,-138.184,-178.223,-64.453,-32.715,1034.482,350
373,1686190194.577,221.191,91.309,111.816,17.578,1034.486,350
374,1686190194.581,189.453,91.797,97.168,5.371,1034.49,349
375,1686190194.585,-187.988,-658.203,-371.582,-38.086,1034.494,349
376,1686190194.588,-261.23,-1000.0,-462.891,-35.156,1034.498,349
377,1686190194.592,125.488,-20.996,124.512,1.953,1034.502,349
378,1686190194.596,255.859,396.973,150.879,1.465,1034.506,346
379,1686190194.6,-92.285,-18.066,-61.523,-46.387,1034.509,346
380,1686190194.604,-267.09,45.41,39.551,-62.5,1034.513,346
381,1686190194.606,49.316,323.242,143.066,-9.766,1034.532,343
382,1686190194.61,275.391,253.906,58.594,22.461,1034.536,343
383,1686190194.614,2.93,9.277,-31.25,-23.438,1034.54,343
384,1686190194.618,-281.738,15.625,10.254,-63.965,1034.543,343
385,1686190194.622,-73.242,210.938,127.441,-29.297,1034.547,342
386,1686190194.626,225.586,-192.871,-40.527,12.695,1034.551,342
387,1686190194.63,71.289,-718.75,-277.344,-21.484,1034.555,342
388,1686190194.633,-258.789,-316.895,-103.516,-73.73,1034.559,342
389,1686190194.637,-181.641,166.504,105.469,-51.758,1034.563,342
390,1686190194.641,169.922,-174.805,-41.016,8.789,1034.567,342
391,1686190194.645,183.105,-376.953,-80.566,-3.418,1034.571,342
392,1686190194.649,-146.973,117.676,96.68,-65.43,1034.575,342
393,1686190194.666,-240.723,54.688,7.812,-59.082,1034.562,342
394,1686190194.67,104.492,14.16,74.219,1.465,1034.566,342
395,1686190194.674,260.254,264.16,176.758,11.719,1034.57,342
396,1686190194.678,-57.129,242.188,53.711,-40.527,1034.574,342
397,1686190194.682,-267.578,-80.078,-71.777,-62.988,1034.578,342
398,1686190194.686,12.207,-291.504,-51.27,-12.695,1034.582,342
399,1686190194.69,265.625,-169.922,51.27,17.578,1034.586,341
400,1686190194.693,29.297,-43.945,18.555,-25.391,1034.59,341
401,1686190194.697,-277.832,-327.148,-235.352,-63.965,1034.594,341
402,1686190194.701,-108.398,-412.109,-160.645,-28.809,1034.598,341
403,1686190194.705,239.746,122.559,140.137,15.625,1034.601,341
404,1686190194.709,141.113,312.988,128.906,-17.578,1034.605,341
405,1686190194.711,-216.309,-137.207,-156.738,-57.617,1034.607,341
406,1686190194.715,-207.52,-1000.0,-563.965,-23.438,1034.611,341
407,1686190194.719,156.738,-618.164,-169.434,10.254,1034.615,342
408,1686190194.723,224.121,382.812,201.66,-10.254,1034.619,342
409,1686190194.727,-137.207,-14.16,-86.426,-59.57,1034.623,342
410,1686190194.731,-284.18,-552.246,-257.324,-81.543,1034.627,342
411,1686190194.735,53.223,-134.277,-17.578,-27.344,1034.631,342
412,1686190194.738,244.629,483.887,244.141,4.883,1034.635,342
413,1686190194.742,-72.266,-234.863,-176.27,-41.992,1034.639,342
414,1686190194.746,-319.824,-787.598,-325.195,-77.148,1034.643,340
415,1686190194.75,-32.715,103.516,147.461,-40.527,1034.646,340
416,1686190194.754,268.555,322.754,116.211,-3.418,1034.65,340
417,1686190194.756,59.57,-247.07,-88.867,-33.691,1034.652,340
418,1686190194.76,-265.137,-312.5,-47.363,-69.336,1034.656,337
419,1686190194.764,-132.324,181.152,125.488,-43.457,1034.66,337
420,1686190194.768,217.285,332.031,106.934,0.488,1034.664,337
421,1686190194.772,147.461,103.027,37.598,-21.484,1034.668,337
422,1686190194.776,-218.262,-243.164,-126.465,-69.336,1034.672,332
423,1686190194.78,-223.633,-373.535,-185.059,-61.523,1034.676,332
424,1686190194.783,142.578,-42.969,66.895,-13.672,1034.68,332
425,1686190194.787,209.473,-566.895,-226.074,-1.953,1034.684,326
426,1686190194.791,-144.531,-774.902,-317.383,-63.477,1034.687,326
427,1686190194.795,-265.137,92.285,96.191,-85.449,1034.691,326
428,1686190194.799,69.824,160.645,68.359,-32.715,1034.695,319
429,1686190194.803,276.855,203.125,103.027,-7.812,1034.7,319
430,1686190194.807,-7.324,262.207,87.891,-45.41,1034.704,319
431,1686190194.811,-283.691,-108.887,-74.707,-76.172,1034.708,319
432,1686190194.815,-53.711,-388.184,-158.203,-26.367,1034.711,309
433,1686190194.819,261.23,-182.129,-62.5,19.043,1034.715,309
434,1686190194.823,108.887,-14.16,31.25,-17.09,1034.719,309
435,1686190194.827,-234.375,-224.121,-130.371,-60.547,1034.723,297
436,1686190194.83,-158.691,-590.82,-303.711,-33.203,1034.727,297
437,1686190194.834,199.219,-520.996,-138.184,16.113,1034.731,297
438,1686190194.838,196.777,365.723,205.566,-1.465,1034.735,297
439,1686190194.842,-165.527,239.258,44.434,-50.781,1034.739,286
440,1686190194.846,-227.051,-151.855,-71.289,-41.504,1034.743,286
441,1686190194.846,133.301,176.758,90.82,8.789,1034.743,286
442,1686190194.85,253.906,522.461,194.824,6.836,1034.747,286
443,1686190194.854,-83.984,211.426,-4.883,-55.664,1034.751,286
444,1686190194.858,-273.926,-169.434,-122.07,-75.195,1034.755,277
445,1686190194.862,22.949,-17.09,40.039,-29.297,1034.758,277
446,1686190194.866,255.371,100.098,92.285,1.465,1034.762,277
447,1686190194.87,1.465,-104.98,-44.922,-43.945,1034.766,270
448,1686190194.873,-307.617,-757.324,-449.219,-83.984,1034.77,270
449,1686190194.877,-120.605,-983.398,-406.738,-46.875,1034.774,270
450,1686190194.881,242.676,27.344,150.879,-14.16,1034.778,266
451,1686190194.885,122.07,265.625,52.734,-36.621,1034.782,266
452,1686190194.889,-248.047,-204.59,-154.785,-79.59,1034.786,266
453,1686190194.906,-185.059,121.094,89.355,-60.547,1034.802,263
454,1686190194.91,191.406,500.0,199.219,-3.418,1034.806,261
455,1686190194.914,199.219,244.141,36.133,-12.695,1034.81,261
456,1686190194.918,-163.086,-60.059,-40.527,-71.777,1034.814,261
457,1686190194.922,-248.047,-44.922,-1.465,-75.684,1034.818,260
458,1686190194.926,95.703,47.852,82.031,-20.508,1034.822,260
459,1686190194.93,230.469,-300.293,-69.336,1.465,1034.826,260
460,1686190194.933,-99.609,-806.641,-316.406,-48.34,1034.83,260
461,1686190194.936,-250.488,84.961,35.156,-79.102,1034.846,260
462,1686190194.937,-296.875,-208.008,2.441,-80.566,1034.834,260
463,1686190194.94,-92.285,103.516,49.316,-38.086,1034.85,262
464,1686190194.941,-0.977,334.473,171.387,-32.227,1034.838,262
465,1686190194.944,235.84,169.922,99.121,11.23,1034.854,262
466,1686190194.945,254.395,40.527,52.734,3.418,1034.841,262
467,1686190194.948,140.137,285.156,130.371,-12.695,1034.858,262
468,1686190194.949,36.621,-123.047,8.789,-37.109,1034.845,262
469,1686190194.952,-220.703,70.312,-30.273,-64.453,1034.862,265
470,1686190194.956,-203.125,-285.156,-187.012,-52.246,1034.866,265
471,1686190194.96,157.227,-447.754,-146.973,10.742,1034.87,265
472,1686190194.963,221.68,-158.203,20.508,8.789,1034.874,265
473,1686190194.967,-115.234,157.227,69.336,-46.387,1034.878,269
474,1686190194.971,-253.418,-67.871,-135.742,-54.199,1034.881,269
475,1686190194.975,56.641,-803.711,-368.652,4.395,1034.885,269
476,1686190194.979,227.539,-809.082,-205.566,25.391,1034.889,274
477,1686190194.981,-49.805,65.43,81.055,-37.598,1034.907,274
478,1686190194.985,-292.48,-108.398,-140.625,-76.66,1034.911,274
479,1686190194.989,-41.992,-130.371,-90.82,-35.645,1034.915,274
480,1686190194.993,263.184,456.055,210.449,5.859,1034.918,277
481,1686190194.997,79.59,435.547,123.047,-23.926,1034.922,277
482,1686190195.001,-272.461,-424.316,-245.605,-70.312,1034.926,277
483,1686190195.005,-154.297,-655.762,-218.262,-37.598,1034.93,277
484,1686190195.008,224.609,271.484,184.082,16.602,1034.934,280
485,1686190195.012,172.852,481.934,142.578,1.953,1034.938,280
486,1686190195.016,-212.402,-321.289,-141.602,-47.363,1034.942,280
487,1686190195.02,-242.188,-410.156,-64.941,-50.781,1034.946,284
488,1686190195.024,133.789,320.801,166.016,0.488,1034.95,284
489,1686190195.041,214.844,251.465,87.891,10.742,1034.937,288
490,1686190195.045,-137.207,-395.508,-146.484,-46.875,1034.941,288
491,1686190195.049,-289.062,-395.508,-81.055,-70.801,1034.945,292
492,1686190195.053,47.363,250.977,157.227,-19.043,1034.949,292
493,1686190195.057,256.348,299.316,91.797,8.301,1034.953,292
494,1686190195.061,-36.133,-303.711,-146.484,-33.203,1034.957,295
495,1686190195.065,-303.223,-601.562,-265.625,-62.988,1034.961,295
496,1686190195.068,-68.359,-236.816,-54.688,-27.344,1034.965,295
497,1686190195.072,251.953,97.168,77.148,20.508,1034.969,295
498,1686190195.076,94.238,-133.301,-18.555,-7.812,1034.972,297
499,1686190195.08,-245.605,-161.133,-29.297,-68.359,1034.976,297
500,1686190195.084,-153.809,159.18,87.891,-47.852,1034.98,297
501,1686190195.086,203.125,116.699,36.621,19.043,1034.982,297
502,1686190195.09,161.621,-687.012,-312.988,12.695,1034.986,299
503,1686190195.094,-189.453,-636.23,-279.297,-54.199,1034.99,299
504,1686190195.098,-231.445,-199.707,-157.227,-55.664,1034.994,299
505,1686190195.102,113.77,-307.129,-133.789,-1.465,1034.998,302
506,1686190195.106,228.516,-336.426,-107.422,-2.441,1035.002,302
507,1686190195.11,-99.609,-173.34,-27.832,-52.734,1035.006,302
508,1686190195.113,-272.949,72.754,65.43,-65.918,1035.01,302
509,1686190195.117,22.461,-305.176,-106.934,-14.16,1035.014,302
510,1686190195.121,258.789,-464.355,-139.16,7.812,1035.018,305
511,1686190195.125,20.508,97.656,74.219,-47.363,1035.021,305
512,1686190195.129,-281.25,-61.035,-52.246,-74.707,1035.025,305
513,1686190195.131,-97.168,-98.633,27.832,-38.086,1035.027,308
514,1686190195.135,227.051,309.57,172.852,2.93,1035.031,308
515,1686190195.139,116.699,492.676,152.832,-13.672,1035.035,308
516,1686190195.143,-246.582,107.91,-41.504,-62.5,1035.039,310
517,1686190195.147,-180.664,-225.586,-110.352,-43.945,1035.043,310
518,1686190195.151,200.684,-41.016,61.035,14.16,1035.047,310
519,1686190195.155,189.453,25.391,41.016,1.465,1035.051,310
520,1686190195.158,-164.551,-258.301,-134.766,-55.664,1035.055,310
521,1686190195.162,-278.809,-840.82,-437.5,-59.082,1035.059,311
522,1686190195.166,76.66,-884.766,-329.59,-3.906,1035.063,311
523,1686190195.17,276.855,131.348,164.551,4.395,1035.066,311
524,1686190195.174,-42.969,145.508,-14.16,-49.805,1035.07,313
525,1686190195.191,-277.832,-274.902,-179.688,-68.359,1035.088,316
526,1686190195.195,5.371,219.727,140.625,-12.695,1035.091,316
527,1686190195.199,265.137,523.926,205.078,24.902,1035.095,316
528,1686190195.203,30.273,118.164,-3.906,-20.996,1035.099,318
529,1686190195.207,-275.391,-187.5,-82.031,-68.359,1035.103,318
530,1686190195.211,-111.328,-105.957,0.0,-33.203,1035.107,318
531,1686190195.215,234.375,110.84,129.395,9.766,1035.111,320
532,1686190195.218,136.23,-294.922,-145.996,-4.395,1035.115,320
533,1686190195.221,-135.254,-131.348,-45.41,-52.734,1035.118,320
534,1686190195.222,-242.188,-864.746,-422.852,-51.758,1035.119,320
535,1686190195.225,-267.09,41.992,41.016,-62.988,1035.121,320
536,1686190195.226,-206.543,-145.02,19.043,-53.223,1035.123,320
537,1686190195.229,62.5,199.707,76.172,-10.742,1035.125,320
538,1686190195.23,188.965,403.809,173.828,14.648,1035.127,320
539,1686190195.233,254.395,225.586,110.84,6.348,1035.129,320
540,1686190195.234,236.816,114.258,6.836,11.23,1035.13,320
541,1686190195.237,-26.367,62.5,17.09,-40.527,1035.133,320
542,1686190195.241,-275.879,-305.664,-221.191,-62.012,1035.137,319
543,1686190195.245,-41.016,-309.082,-119.141,-14.16,1035.141,319
544,1686190195.248,246.582,-180.176,75.684,18.555,1035.145,319
545,1686190195.252,70.312,51.27,91.797,-22.461,1035.149,319
546,1686190195.256,-250.0,88.867,-1.953,-60.059,1035.153,318
547,1686190195.26,-128.906,-94.727,-45.898,-32.227,1035.157,318
548,1686190195.264,202.637,-766.113,-313.477,27.832,1035.161,318
549,1686190195.266,143.555,-831.055,-296.387,7.324,1035.162,318
550,1686190195.27,-195.312,-33.203,51.27,-57.617,1035.166,317
551,1686190195.274,-224.609,-117.676,-24.902,-49.805,1035.17,317
552,1686190195.278,133.789,22.949,25.391,-1.953,1035.174,317
553,1686190195.282,237.793,485.84,204.59,2.93,1035.178,315
554,1686190195.286,-107.422,120.117,-19.043,-44.922,1035.182,315
555,1686190195.29,-285.645,-660.645,-366.211,-50.293,1035.186,315
556,1686190195.293,21.484,-646.973,-204.59,4.883,1035.19,315
557,1686190195.297,269.043,317.871,216.309,28.809,1035.194,312
558,1686190195.301,16.113,365.234,80.566,-4.883,1035.197,312
559,1686190195.305,-274.902,-163.086,-146.484,-41.504,1035.201,312
560,1686190195.309,-54.199,33.203,42.48,-19.043,1035.205,312
561,1686190195.312,270.02,482.91,208.984,10.742,1035.21,310
562,1686190195.316,108.887,171.387,14.16,-18.555,1035.214,310
563,1686190195.32,-255.859,-519.531,-227.539,-59.57,1035.218,310
564,1686190195.324,-167.48,-246.094,-3.906,-41.016,1035.222,309
565,1686190195.328,202.148,272.949,178.711,11.719,1035.226,309
566,1686190195.332,184.57,21.484,46.875,3.906,1035.229,309
567,1686190195.336,-194.336,-701.66,-353.516,-46.875,1035.233,309
568,1686190195.339,-260.254,-731.445,-257.812,-49.805,1035.237,309
569,1686190195.343,132.324,293.457,229.98,-1.465,1035.241,309
570,1686190195.347,267.09,349.121,74.707,11.23,1035.245,309
571,1686190195.351,-81.055,-343.75,-196.289,-46.875,1035.249,309
572,1686190195.355,-272.949,-171.387,-41.504,-67.871,1035.253,311
573,1686190195.356,32.227,365.723,176.758,-17.09,1035.267,311
574,1686190195.36,270.02,284.18,89.355,12.695,1035.271,311
575,1686190195.364,20.02,32.227,-15.137,-26.855,1035.275,312
576,1686190195.368,-275.391,-96.68,-79.59,-66.895,1035.279,312
577,1686190195.372,-86.914,-110.84,-31.25,-33.691,1035.283,312
578,1686190195.376,238.281,-271.973,-87.891,21.973,1035.287,313
579,1686190195.38,105.957,-812.5,-298.828,6.348,1035.291,313
580,1686190195.383,-234.863,-352.051,-59.082,-64.941,1035.294,313
581,1686190195.387,-176.758,113.281,48.828,-51.27,1035.298,313
582,1686190195.391,181.152,136.23,131.836,9.277,1035.302,313
583,1686190195.395,207.52,311.523,162.598,-4.395,1035.306,313
584,1686190195.399,-143.066,288.574,70.312,-58.105,1035.31,313
585,1686190195.416,-247.07,23.926,-15.137,-58.594,1035.312,314
586,1686190195.42,89.844,28.32,60.547,-11.23,1035.316,315
587,1686190195.424,250.488,315.918,158.691,-0.488,1035.32,315
588,1686190195.428,-55.664,289.551,83.496,-45.898,1035.323,315
589,1686190195.432,-294.922,-50.293,-54.199,-66.406,1035.327,315
590,1686190195.436,-33.203,-365.723,-133.789,-20.508,1035.331,316
591,1686190195.44,244.629,-150.879,29.785,8.789,1035.335,316
592,1686190195.443,31.25,-97.656,-17.09,-28.809,1035.339,316
593,1686190195.447,-286.133,-340.82,-214.355,-65.918,1035.343,316
594,1686190195.451,-140.625,-839.844,-381.348,-27.344,1035.347,316
595,1686190195.455,208.008,-728.516,-183.105,19.531,1035.351,316
596,1686190195.459,150.879,233.887,182.129,-17.09,1035.355,316
597,1686190195.461,-215.332,11.23,-55.176,-69.336,1035.357,316
598,1686190195.465,-220.703,-209.961,-119.629,-59.082,1035.36,315
599,1686190195.469,155.273,388.672,183.105,-3.418,1035.364,315
600,1686190195.473,223.633,539.551,192.871,-1.465,1035.368,315
601,1686190195.477,-138.184,-21.484,-68.359,-55.176,1035.372,314
602,1686190195.481,-278.32,-461.426,-246.094,-67.871,1035.376,314
603,1686190195.485,62.5,-61.035,0.977,-16.113,1035.38,314
604,1686190195.488,271.484,516.113,279.785,7.812,1035.384,313
605,1686190195.492,-36.621,-236.816,-161.621,-30.762,1035.388,313
606,1686190195.496,-313.477,-857.422,-430.664,-62.988,1035.392,313
607,1686190195.5,-40.527,63.965,91.309,-25.391,1035.396,313
608,1686190195.504,274.902,480.469,188.477,21.973,1035.4,313
609,1686190195.506,78.125,52.734,-46.387,-18.555,1035.402,313
610,1686190195.51,-266.602,-172.363,-112.305,-72.266,1035.406,313
611,1686190195.514,-145.996,144.043,84.961,-46.387,1035.41,313
612,1686190195.518,221.191,347.656,129.883,8.789,1035.414,313
613,1686190195.522,178.223,136.719,44.922,-6.836,1035.418,313
614,1686190195.526,-185.547,-281.25,-145.02,-56.641,1035.421,313
615,1686190195.53,-217.285,-443.848,-201.172,-46.387,1035.425,312
616,1686190195.533,141.113,-99.609,53.223,1.465,1035.429,312
617,1686190195.537,217.285,-567.871,-220.703,4.883,1035.433,312
618,1686190195.541,-134.277,-804.688,-294.922,-53.711,1035.437,312
619,1686190195.545,-285.645,-94.238,24.414,-74.707,1035.441,311
620,1686190195.549,37.109,-61.035,-37.598,-13.184,1035.445,311
621,1686190195.566,264.16,12.207,35.645,14.648,1035.462,310
622,1686190195.57,7.324,252.441,98.145,-32.227,1035.466,309
623,1686190195.574,-270.996,132.812,28.809,-65.43,1035.47,309
624,1686190195.578,-72.754,-144.531,-50.781,-26.855,1035.474,309
625,1686190195.582,246.582,0.488,36.621,20.02,1035.478,309
626,1686190195.586,104.004,79.102,37.598,-9.277,1035.482,310
627,1686190195.59,-250.977,-225.586,-163.574,-68.848,1035.486,310
628,1686190195.593,-194.336,-605.957,-291.504,-47.852,1035.49,310
629,1686190195.597,162.109,-583.984,-165.527,9.277,1035.494,311
630,1686190195.597,113.77,178.223,107.422,-5.371,1035.495,311
631,1686190195.601,190.918,250.0,169.434,-8.789,1035.497,311
632,1686190195.601,258.301,458.984,203.125,14.648,1035.498,311
633,1686190195.605,-77.637,-39.551,-100.098,-39.551,1035.502,311
634,1686190195.605,-161.133,175.781,27.832,-60.547,1035.501,311
635,1686190195.609,-297.852,-562.012,-243.652,-78.613,1035.506,311
636,1686190195.609,-250.0,-182.617,-124.023,-59.082,1035.505,311
637,1686190195.613,-4.883,-153.32,45.898,-33.203,1035.51,311
638,1686190195.617,257.812,183.105,119.141,6.348,1035.514,311
639,1686190195.621,13.184,-231.934,-130.859,-31.738,1035.518,311
640,1686190195.624,-287.598,-550.781,-240.723,-70.801,1035.522,311
641,1686190195.628,-94.727,-102.539,40.527,-41.016,1035.526,311
642,1686190195.632,251.465,514.16,248.047,0.977,1035.53,311
643,1686190195.636,139.648,293.945,50.293,-22.949,1035.534,311
644,1686190195.64,-241.699,-791.504,-492.188,-60.059,1035.538,311
645,1686190195.641,-205.566,-732.422,-286.133,-49.805,1035.537,311
646,1686190195.645,198.242,312.988,221.191,-9.277,1035.541,311
647,1686190195.649,227.051,232.422,47.363,-13.184,1035.545,311
648,1686190195.653,-131.836,-113.77,-72.266,-63.477,1035.549,311
649,1686190195.657,-240.723,-120.605,-39.062,-62.012,1035.552,311
650,1686190195.661,86.426,17.09,70.801,-10.254,1035.556,311
651,1686190195.665,244.141,-283.203,-84.473,10.742,1035.56,311
652,1686190195.668,-78.613,-909.668,-369.629,-35.156,1035.564,313
653,1686190195.672,-293.457,-357.91,-41.016,-65.43,1035.568,313
654,1686190195.676,-14.648,230.469,124.512,-14.16,1035.572,313
655,1686190195.68,253.418,262.695,148.926,21.973,1035.576,314
656,1686190195.684,47.852,208.008,92.773,-21.484,1035.58,314
657,1686190195.701,-261.23,148.438,19.531,-70.801,1035.597,314
658,1686190195.705,-128.418,73.242,46.387,-40.039,1035.601,314
659,1686190195.709,221.191,96.191,97.168,19.043,1035.605,314
660,1686190195.713,157.715,263.672,135.254,-1.953,1035.609,314
661,1686190195.717,-215.332,111.328,13.184,-66.895,1035.613,314
662,1686190195.721,-221.191,-194.824,-131.836,-61.035,1035.617,313
663,1686190195.725,122.559,-630.371,-225.586,-1.465,1035.621,313
664,1686190195.728,182.617,-653.809,-171.387,0.488,1035.625,313
665,1686190195.731,-16.113,387.207,142.578,-50.293,1035.642,313
666,1686190195.732,-139.16,-142.09,13.672,-54.688,1035.628,313
667,1686190195.735,-287.598,-108.398,-102.539,-72.266,1035.646,313
668,1686190195.736,-276.855,-138.672,-66.895,-60.547,1035.632,314
669,1686190195.739,-63.965,-71.777,-24.902,-41.016,1035.65,314
670,1686190195.74,43.457,-546.875,-185.059,-13.184,1035.636,314
671,1686190195.743,255.371,519.531,223.633,-6.836,1035.654,314
672,1686190195.744,249.512,-68.848,87.402,-6.836,1035.64,314
673,1686190195.747,89.355,275.391,42.48,-27.832,1035.658,314
674,1686190195.751,-258.301,-478.027,-257.812,-67.871,1035.662,315
675,1686190195.755,-152.344,-360.84,-77.148,-53.711,1035.665,315
676,1686190195.758,222.656,351.074,201.66,-5.371,1035.669,315
677,1686190195.762,198.242,508.789,186.035,-16.602,1035.673,316
678,1686190195.766,-193.848,-397.461,-248.047,-59.082,1035.677,316
679,1686190195.77,-267.09,-785.645,-309.082,-55.664,1035.681,316
680,1686190195.774,114.258,180.176,178.711,-6.348,1035.685,316
681,1686190195.791,235.84,462.891,146.973,10.254,1035.688,314
682,1686190195.795,-109.863,-78.613,-107.422,-52.246,1035.691,314
683,1686190195.799,-296.387,-220.215,-83.008,-87.402,1035.695,314
684,1686190195.803,15.137,242.676,139.16,-37.598,1035.699,314
685,1686190195.807,245.605,367.188,117.188,-5.859,1035.703,313
686,1686190195.811,-20.02,-187.988,-100.098,-59.082,1035.707,313
687,1686190195.815,-308.594,-574.219,-253.418,-93.75,1035.711,313
688,1686190195.818,-103.027,-291.016,-74.707,-45.898,1035.715,314
689,1686190195.822,235.352,164.062,145.508,2.93,1035.719,314
690,1686190195.826,82.52,-546.875,-275.879,-19.531,1035.723,314
691,1686190195.83,-268.555,-783.691,-317.871,-74.707,1035.727,314
692,1686190195.834,-161.621,119.629,114.258,-53.711,1035.73,314
693,1686190195.837,198.242,115.234,20.02,12.695,1035.734,314
694,1686190195.841,190.918,-51.27,-12.207,3.906,1035.738,314
695,1686190195.845,-153.32,132.812,70.801,-60.059,1035.742,314
696,1686190195.849,-227.051,150.879,55.664,-59.57,1035.746,314
697,1686190195.853,106.934,16.602,29.785,0.977,1035.75,314
698,1686190195.857,234.863,-161.133,-23.926,15.625,1035.754,314
699,1686190195.861,-83.984,-127.93,-17.578,-41.504,1035.758,314
700,1686190195.864,-275.391,101.562,78.613,-65.43,1035.762,314
701,1686190195.868,13.672,-275.391,-83.496,6.836,1035.766,314
702,1686190195.872,249.512,-520.996,-151.367,38.086,1035.77,314
703,1686190195.876,33.203,166.016,112.793,-13.672,1035.774,314
704,1686190195.88,-261.23,90.82,4.395,-44.922,1035.777,314
705,1686190195.881,-95.703,-127.441,-41.992,-15.137,1035.778,314
706,1686190195.885,235.84,240.234,118.652,23.438,1035.782,314
707,1686190195.889,128.418,352.051,125.977,-6.348,1035.785,314
708,1686190195.893,-230.469,-179.688,-139.16,-72.266,1035.789,314
709,1686190195.897,-208.496,-431.641,-208.984,-66.895,1035.793,314
710,1686190195.901,164.551,-114.258,38.574,-11.719,1035.797,315
711,1686190195.905,214.844,-29.785,43.457,0.0,1035.801,315
712,1686190195.908,-148.926,-285.156,-157.227,-51.27,1035.805,315
713,1686190195.912,-292.969,-829.59,-407.715,-60.547,1035.809,316
714,1686190195.916,38.086,-869.629,-277.832,-5.371,1035.813,316
715,1686190195.92,242.676,144.043,187.5,5.859,1035.817,316
716,1686190195.924,-48.828,129.395,-20.02,-41.992,1035.821,316
717,1686190195.926,-291.992,-307.129,-194.824,-71.777,1035.823,316
718,1686190195.93,-20.996,193.359,135.742,-29.297,1035.827,316
719,1686190195.934,272.461,570.801,228.027,5.371,1035.831,316
720,1686190195.938,57.617,201.172,42.969,-30.273,1035.835,316
721,1686190195.942,-283.203,-250.488,-135.254,-81.055,1035.839,316
722,1686190195.946,-138.672,-209.473,-76.66,-55.176,1035.843,316
723,1686190195.95,221.68,71.289,130.371,1.953,1035.847,316
724,1686190195.953,139.648,-310.059,-129.883,-10.254,1035.85,316
725,1686190195.957,-233.887,-921.387,-385.254,-60.547,1035.854,315
726,1686190195.961,-227.539,-233.887,9.277,-56.152,1035.858,315
727,1686190195.965,145.508,259.277,134.766,2.93,1035.862,315
728,1686190195.969,219.238,133.301,113.281,4.395,1035.866,315
729,1686190195.971,-121.582,100.586,78.613,-52.246,1035.881,316
730,1686190195.975,-265.625,166.992,76.66,-59.082,1035.885,316
731,1686190195.979,62.012,240.234,109.375,-1.953,1035.889,316
732,1686190195.983,268.066,240.723,114.746,10.742,1035.893,317
733,1686190195.987,-8.789,225.098,90.332,-46.387,1035.897,317
734,1686190195.991,-279.297,-162.109,-115.234,-70.312,1035.901,317
735,1686190195.995,-46.387,-176.27,-8.789,-28.809,1035.905,317
736,1686190195.998,238.77,-560.547,-138.184,13.672,1035.909,317
737,1686190196.002,49.316,-878.906,-304.199,-9.277,1035.913,318
738,1686190196.006,-259.277,-90.82,21.973,-62.988,1035.917,318
739,1686190196.01,-151.367,-0.488,4.395,-41.992,1035.92,318
740,1686190196.014,199.707,-130.371,25.391,3.906,1035.924,318
741,1686190196.016,193.359,239.746,168.457,-18.555,1035.913,318
742,1686190196.02,-157.715,228.516,64.941,-62.988,1035.917,318
743,1686190196.024,-227.539,-133.789,-90.82,-50.293,1035.92,317
744,1686190196.028,130.371,51.758,48.34,9.277,1035.924,317
745,1686190196.032,215.82,364.746,172.852,12.695,1035.928,317
746,1686190196.036,-139.16,-89.355,-91.309,-40.527,1035.932,317
747,1686190196.04,-291.992,-719.238,-349.121,-46.387,1035.936,316
748,1686190196.043,13.184,-467.773,-131.348,-6.836,1035.94,316
749,1686190196.047,267.578,423.34,237.793,9.766,1035.944,316
750,1686190196.051,13.672,316.406,38.574,-27.344,1035.948,316
751,1686190196.055,-292.969,-517.578,-275.391,-55.664,1035.952,317
752,1686190196.059,-84.961,-507.812,-74.707,-20.02,1035.956,317
753,1686190196.061,258.789,335.449,241.699,8.301,1035.971,317
754,1686190196.065,125.488,337.891,90.332,-17.578,1035.975,318
755,1686190196.069,-233.398,-407.715,-203.613,-52.734,1035.979,318
756,1686190196.073,-179.199,-330.078,-28.809,-40.039,1035.983,318
757,1686190196.077,186.523,371.582,195.312,4.395,1035.987,318
758,1686190196.081,196.289,233.398,80.078,-7.324,1035.991,318
759,1686190196.085,-187.012,-648.438,-323.73,-54.688,1035.995,318
760,1686190196.088,-277.832,-841.309,-365.234,-56.152,1035.999,318
761,1686190196.092,109.375,140.625,144.043,-10.254,1036.003,318
762,1686190196.096,263.672,333.984,116.699,8.301,1036.007,317
763,1686190196.1,-69.336,-269.043,-117.188,-38.574,1036.01,317
764,1686190196.104,-279.297,-140.137,18.066,-67.871,1036.014,317
765,1686190196.122,8.789,346.68,176.27,-21.484,1036.02,317
766,1686190196.126,253.418,98.633,-2.441,16.113,1036.024,317
767,1686190196.13,18.555,-323.242,-153.32,-24.902,1036.028,317
768,1686190196.134,-271.484,-26.367,49.805,-74.219,1036.032,318
769,1686190196.138,-100.586,268.066,156.25,-36.133,1036.036,318
770,1686190196.142,215.82,-189.453,-73.242,18.066,1036.04,318
771,1686190196.146,103.516,-559.57,-158.203,-14.648,1036.044,318
772,1686190196.149,-227.539,-7.324,97.168,-65.918,1036.048,318
773,1686190196.153,-192.383,145.996,80.078,-45.898,1036.051,319
774,1686190196.157,162.598,8.789,41.992,0.0,1036.055,319
775,1686190196.161,206.055,80.566,75.195,-5.371,1036.059,319
776,1686190196.165,-129.395,167.969,83.496,-52.246,1036.063,320
777,1686190196.166,-255.371,7.324,5.859,-57.617,1036.063,320
778,1686190196.17,87.402,52.734,106.445,-2.441,1036.067,320
779,1686190196.174,231.934,294.434,171.875,4.395,1036.071,320
780,1686190196.178,-102.051,75.684,-60.059,-62.012,1036.075,319
781,1686190196.182,-299.316,-394.043,-232.91,-78.125,1036.078,319
782,1686190196.186,-53.223,-486.328,-163.574,-24.902,1036.082,319
783,1686190196.19,229.004,-231.445,-8.789,0.0,1036.086,319
784,1686190196.193,41.504,-113.281,33.691,-38.574,1036.09,318
785,1686190196.197,-278.809,-203.613,-115.234,-78.125,1036.094,318
786,1686190196.201,-160.156,-796.875,-405.762,-35.156,1036.098,318
787,1686190196.205,179.688,-845.215,-242.676,7.324,1036.102,318
788,1686190196.209,137.695,145.996,158.203,-28.32,1036.106,318
789,1686190196.211,-224.121,-9.766,-64.941,-77.637,1036.108,318
790,1686190196.215,-238.281,-271.484,-133.789,-71.289,1036.112,318
791,1686190196.219,139.648,349.121,202.637,-18.066,1036.116,319
792,1686190196.223,223.145,544.922,223.633,-10.742,1036.12,319
793,1686190196.227,-125.488,4.883,-49.805,-54.199,1036.123,319
794,1686190196.231,-276.367,-505.371,-243.652,-64.941,1036.127,319
795,1686190196.235,52.734,-242.188,-41.504,-10.742,1036.131,319
796,1686190196.238,269.531,298.828,198.73,8.301,1036.135,319
797,1686190196.242,-22.461,-215.82,-157.227,-30.273,1036.139,319
798,1686190196.246,-320.801,-936.523,-415.527,-59.082,1036.143,319
799,1686190196.25,-78.613,-119.141,62.012,-32.227,1036.147,319
800,1686190196.254,246.582,433.594,190.918,2.93,1036.151,319
801,1686190196.271,83.008,145.996,50.781,-27.832,1036.168,318
802,1686190196.275,-255.371,-54.688,-1.953,-78.613,1036.172,318
803,1686190196.279,-155.273,169.922,107.422,-56.152,1036.176,318
804,1686190196.283,208.496,340.82,136.23,3.906,1036.179,318
805,1686190196.287,171.875,148.926,76.172,-26.367,1036.183,318
806,1686190196.291,-192.871,-197.266,-91.797,-80.566,1036.187,318
807,1686190196.295,-241.211,-363.77,-207.031,-59.082,1036.191,318
808,1686190196.298,120.605,-37.598,72.754,-7.324,1036.195,318
809,1686190196.302,229.98,-501.953,-147.949,14.16,1036.199,319
810,1686190196.302,272.949,122.07,88.867,15.625,1036.198,319
811,1686190196.306,-108.398,-921.387,-367.676,-38.574,1036.203,319
812,1686190196.306,23.438,324.707,140.625,-39.062,1036.202,319
813,1686190196.31,-270.02,-113.281,49.316,-66.406,1036.207,319
814,1686190196.31,-270.508,187.012,55.176,-69.336,1036.206,319
815,1686190196.314,35.156,119.141,81.055,-7.812,1036.211,320
816,1686190196.314,-67.383,-9.277,15.137,-18.066,1036.21,320
817,1686190196.318,260.254,147.461,97.168,17.578,1036.214,320
818,1686190196.322,126.953,78.125,51.27,-13.184,1036.218,320
819,1686190196.326,-225.098,-276.367,-166.504,-64.453,1036.222,320
820,1686190196.329,-173.34,-599.121,-286.621,-60.059,1036.226,319
821,1686190196.333,191.406,-339.355,-60.059,-3.906,1036.229,319
822,1686190196.337,218.262,354.492,181.152,-9.277,1036.233,319
823,1686190196.341,-142.578,250.0,50.293,-62.012,1036.237,319
824,1686190196.345,-256.836,-552.734,-302.734,-49.316,1036.241,319
825,1686190196.346,81.055,-728.516,-197.266,10.742,1036.243,319
826,1686190196.35,261.719,308.105,252.441,14.16,1036.247,319
827,1686190196.354,-57.617,322.754,51.27,-36.621,1036.251,319
828,1686190196.358,-280.762,-144.531,-112.305,-67.871,1036.255,319
829,1686190196.362,5.371,95.703,60.059,-21.973,1036.259,319
830,1686190196.366,273.926,251.953,132.324,20.02,1036.262,319
831,1686190196.37,50.293,11.23,34.18,-24.902,1036.266,319
832,1686190196.373,-282.715,-720.703,-359.863,-58.594,1036.27,319
833,1686190196.377,-119.629,-795.41,-294.434,-22.461,1036.274,319
834,1686190196.381,257.324,320.801,222.168,16.113,1036.278,319
835,1686190196.385,162.109,325.684,59.57,-11.23,1036.282,320
836,1686190196.389,-215.82,-179.688,-93.262,-68.359,1036.286,320
837,1686190196.407,-197.754,95.215,101.562,-55.664,1036.306,321
838,1686190196.411,187.988,514.16,239.258,7.324,1036.31,320
839,1686190196.415,227.539,80.566,-17.09,1.465,1036.314,320
840,1686190196.419,-147.949,-453.613,-206.543,-57.129,1036.318,320
841,1686190196.423,-242.676,-74.219,43.457,-65.43,1036.322,320
842,1686190196.427,100.586,132.324,142.578,-15.137,1036.326,319
843,1686190196.431,251.953,-271.973,-64.453,14.16,1036.33,319
844,1686190196.434,-49.805,-667.48,-216.797,-32.715,1036.334,319
845,1686190196.436,-260.254,90.82,20.02,-62.5,1036.346,319
846,1686190196.438,-274.414,-129.883,63.477,-64.453,1036.337,319
847,1686190196.44,-134.766,108.398,44.922,-37.598,1036.35,319
848,1686190196.442,-14.16,234.375,131.836,-18.066,1036.341,319
849,1686190196.444,225.098,177.246,135.742,10.254,1036.354,319
850,1686190196.446,266.602,187.5,136.719,12.207,1036.345,319
851,1686190196.448,158.691,258.789,144.043,-5.371,1036.358,319
852,1686190196.45,70.801,109.375,91.797,-25.391,1036.349,319
853,1686190196.452,-216.309,-20.02,-50.781,-56.152,1036.362,319
854,1686190196.456,-235.352,-373.535,-206.055,-41.504,1036.366,319
855,1686190196.46,137.695,-254.883,-42.969,13.184,1036.37,319
856,1686190196.463,238.281,-116.211,50.293,16.602,1036.374,319
857,1686190196.467,-99.609,-131.836,-30.762,-36.133,1036.378,320
858,1686190196.471,-252.93,-109.375,-24.414,-60.547,1036.381,320
859,1686190196.475,39.062,-737.305,-266.602,4.395,1036.385,320
860,1686190196.479,238.77,-844.727,-244.629,35.156,1036.389,321
861,1686190196.481,-0.977,31.25,106.934,-22.461,1036.393,321
862,1686190196.485,-269.043,-98.145,-59.57,-59.082,1036.396,321
863,1686190196.489,-58.594,-153.32,-57.129,-32.715,1036.4,321
864,1686190196.493,265.137,433.105,205.078,4.395,1036.404,321
865,1686190196.497,109.863,463.379,164.062,-18.066,1036.408,320
866,1686190196.501,-251.465,-421.875,-243.164,-62.5,1036.412,320
867,1686190196.505,-166.504,-659.668,-245.117,-47.363,1036.416,320
868,1686190196.508,215.82,114.746,146.484,8.301,1036.42,319
869,1686190196.512,194.824,353.516,169.922,5.859,1036.424,319
870,1686190196.516,-183.105,-349.609,-187.5,-43.457,1036.428,319
871,1686190196.52,-237.305,-651.855,-230.957,-46.875,1036.432,319
872,1686190196.524,135.254,222.656,193.848,-7.324,1036.435,319
873,1686190196.541,250.0,395.02,156.738,-0.977,1036.438,320
874,1686190196.545,-92.773,5.371,-32.715,-49.805,1036.442,320
875,1686190196.549,-275.879,-125.488,-41.016,-64.453,1036.446,320
876,1686190196.553,36.621,237.793,155.762,-12.695,1036.45,320
877,1686190196.557,270.02,340.332,149.902,15.137,1036.454,320
878,1686190196.561,12.695,-203.613,-117.188,-20.508,1036.458,320
879,1686190196.565,-273.926,-548.828,-257.324,-48.34,1036.462,320
880,1686190196.568,-81.055,-230.469,0.0,-18.555,1036.466,320
881,1686190196.572,247.559,268.555,203.613,19.043,1036.47,320
882,1686190196.576,96.68,-482.422,-273.438,0.0,1036.473,319
883,1686190196.58,-264.648,-874.512,-353.516,-60.547,1036.477,319
884,1686190196.584,-186.523,66.406,124.512,-60.547,1036.481,319
885,1686190196.586,179.199,196.777,83.984,-9.766,1036.483,319
886,1686190196.59,198.242,-113.77,-28.32,-7.812,1036.487,319
887,1686190196.594,-147.461,6.836,41.016,-55.176,1036.491,319
888,1686190196.598,-238.77,134.277,76.66,-43.945,1036.495,319
889,1686190196.602,93.75,87.402,70.801,8.789,1036.499,319
890,1686190196.606,236.328,-78.125,43.945,14.648,1036.502,319
891,1686190196.61,-64.941,-104.98,-0.488,-40.527,1036.506,319
892,1686190196.613,-268.066,59.57,73.242,-75.195,1036.51,319
893,1686190196.617,-10.742,-341.797,-69.824,-20.996,1036.514,320
894,1686190196.621,254.395,-507.324,-121.094,27.344,1036.518,320
895,1686190196.625,61.035,253.906,173.34,-21.484,1036.522,320
896,1686190196.629,-234.375,145.508,39.062,-67.383,1036.526,321
897,1686190196.646,-96.68,-250.977,-86.426,-43.457,1036.543,320
898,1686190196.65,230.469,84.961,88.379,1.953,1036.547,320
899,1686190196.654,173.34,433.594,196.777,-0.488,1036.551,320
900,1686190196.658,-215.332,56.641,-21.973,-57.129,1036.555,319
901,1686190196.662,-191.895,-470.703,-190.918,-48.34,1036.558,319
902,1686190196.666,184.082,-293.457,38.086,5.371,1036.562,319
903,1686190196.67,198.73,-10.742,91.309,0.488,1036.566,319
904,1686190196.673,-135.742,-197.266,-89.844,-59.082,1036.57,319
905,1686190196.676,-280.273,-251.465,-145.996,-84.473,1036.586,319
906,1686190196.677,-282.227,-823.242,-400.879,-71.777,1036.574,319
907,1686190196.68,-23.926,204.102,156.25,-37.598,1036.59,319
908,1686190196.681,47.852,-664.062,-215.332,-32.227,1036.578,319
909,1686190196.684,276.367,540.527,256.836,20.02,1036.594,319
910,1686190196.685,278.32,404.297,282.227,-17.578,1036.582,319
911,1686190196.688,82.031,-125.0,-104.98,-19.531,1036.598,319
912,1686190196.689,-14.648,177.734,16.113,-48.828,1036.586,319
913,1686190196.692,-259.277,-584.961,-245.605,-70.312,1036.602,319
914,1686190196.696,-132.324,-157.715,62.5,-19.043,1036.606,319
915,1686190196.7,221.191,102.051,125.977,33.203,1036.61,320
916,1686190196.703,153.32,-132.812,-5.859,10.254,1036.614,320
917,1686190196.707,-206.543,-297.852,-45.898,-52.246,1036.617,320
918,1686190196.711,-215.82,66.895,93.262,-51.758,1036.621,320
919,1686190196.715,161.133,440.43,201.66,1.465,1036.625,320
920,1686190196.719,246.582,-176.758,-96.68,16.113,1036.629,320
921,1686190196.721,-103.027,-753.418,-244.141,-33.691,1036.618,320
922,1686190196.725,-244.629,-38.086,113.281,-56.641,1036.622,320
923,1686190196.729,74.707,229.98,114.258,-11.719,1036.626,319
924,1686190196.733,279.785,246.582,139.648,12.207,1036.63,319
925,1686190196.737,13.672,119.141,67.871,-26.367,1036.633,319
926,1686190196.741,-261.719,-286.133,-174.805,-62.988,1036.637,319
927,1686190196.745,-54.199,-256.348,-80.078,-18.555,1036.641,319
928,1686190196.748,248.047,-550.293,-90.332,28.809,1036.645,319
929,1686190196.752,99.121,-528.32,-65.918,-10.254,1036.649,319
930,1686190196.756,-223.145,22.949,57.617,-62.5,1036.653,319
931,1686190196.76,-145.996,6.348,9.277,-41.016,1036.657,319
932,1686190196.764,192.383,-651.367,-172.363,17.09,1036.661,319
933,1686190196.766,184.57,-489.746,-40.039,2.441,1036.663,319
934,1686190196.77,-163.574,239.746,137.207,-54.199,1036.667,319
935,1686190196.774,-246.582,-153.809,-58.594,-42.969,1036.671,319
936,1686190196.778,111.816,-54.199,36.133,14.16,1036.675,319
937,1686190196.782,254.395,441.895,214.844,15.625,1036.679,320
938,1686190196.786,-68.848,88.867,-5.371,-50.293,1036.683,320
939,1686190196.79,-277.832,-693.359,-340.82,-67.871,1036.686,320
940,1686190196.793,2.441,-628.418,-158.203,-10.742,1036.69,320
941,1686190196.797,259.766,137.207,178.223,16.602,1036.694,320
942,1686190196.801,28.32,283.203,95.215,-18.555,1036.698,320
943,1686190196.805,-282.227,-319.824,-110.84,-43.457,1036.702,320
944,1686190196.809,-96.68,-290.527,21.484,-7.324,1036.706,320
945,1686190196.826,261.23,461.914,250.977,34.668,1036.723,319
946,1686190196.83,141.113,341.797,92.285,-9.277,1036.727,319
947,1686190196.834,-232.422,-140.137,-112.305,-82.52,1036.731,319
948,1686190196.838,-184.57,-50.781,24.902,-56.152,1036.735,319
949,1686190196.842,186.523,350.098,177.246,-0.977,1036.739,318
950,1686190196.846,199.707,154.785,104.492,-19.043,1036.743,318
951,1686190196.85,-173.828,-675.293,-299.805,-57.129,1036.747,318
952,1686190196.853,-278.32,-777.832,-290.039,-64.941,1036.75,319
953,1686190196.857,91.309,228.027,214.355,-29.297,1036.754,319
954,1686190196.861,249.512,346.191,124.023,-9.277,1036.758,319
955,1686190196.861,9.766,222.168,199.219,-23.438,1036.766,319
956,1686190196.865,269.043,178.711,68.848,16.602,1036.77,319
957,1686190196.865,-67.871,-458.496,-223.145,-52.734,1036.762,319
958,1686190196.869,43.457,-317.383,-149.902,-10.742,1036.774,319
959,1686190196.869,-270.996,-487.305,-144.531,-69.336,1036.766,319
960,1686190196.873,-258.301,-130.371,-0.977,-58.105,1036.778,319
961,1686190196.877,-97.656,219.727,154.785,-25.391,1036.782,319
962,1686190196.881,237.305,-49.316,4.395,36.621,1036.786,319
963,1686190196.885,146.484,-263.672,-63.965,7.324,1036.789,319
964,1686190196.888,-208.984,-14.16,18.555,-61.035,1036.793,319
965,1686190196.892,-201.66,144.531,78.613,-47.363,1036.797,318
966,1686190196.896,157.715,-207.031,-37.109,18.555,1036.801,318
967,1686190196.9,204.102,-531.25,-151.855,14.648,1036.805,318
968,1686190196.904,-127.441,37.109,97.656,-49.805,1036.809,317
969,1686190196.916,-257.324,2.93,7.812,-53.223,1036.813,317
970,1686190196.92,58.594,-146.973,34.668,5.371,1036.817,317
971,1686190196.924,258.789,160.645,137.695,15.625,1036.821,317
972,1686190196.928,-21.484,282.715,88.379,-36.133,1036.825,317
973,1686190196.932,-275.391,59.082,5.371,-52.246,1036.829,317
974,1686190196.936,-54.688,-617.188,-252.441,9.277,1036.833,318
975,1686190196.94,227.051,-715.82,-187.012,37.598,1036.837,318
976,1686190196.943,57.129,-53.711,131.836,-16.602,1036.841,318
977,1686190196.947,-273.926,-102.051,-27.832,-52.734,1036.844,319
978,1686190196.951,-166.992,-607.91,-191.406,-22.461,1036.848,319
979,1686190196.955,198.73,-152.832,92.773,15.137,1036.852,319
980,1686190196.959,172.852,481.445,204.59,-2.93,1036.856,319
981,1686190196.961,-192.871,-18.066,-83.008,-52.734,1036.858,319
982,1686190196.965,-229.98,-223.633,-118.652,-49.316,1036.862,319
983,1686190196.969,128.418,331.543,187.012,-3.418,1036.865,319
984,1686190196.973,228.027,512.695,232.91,-0.977,1036.869,319
985,1686190196.977,-125.0,-276.367,-164.062,-49.316,1036.873,318
986,1686190196.981,-312.988,-876.465,-385.742,-59.57,1036.877,318
987,1686190196.985,17.578,-206.543,34.18,-5.371,1036.881,318
988,1686190196.988,260.742,475.586,256.836,11.719,1036.885,318
989,1686190196.992,-19.531,-244.629,-169.434,-35.645,1036.889,318
990,1686190196.996,-310.059,-805.176,-335.938,-73.242,1036.893,318
991,1686190197.0,-73.73,39.062,122.07,-42.969,1036.897,318
992,1686190197.004,249.023,401.855,186.035,1.465,1036.901,318
993,1686190197.021,90.332,70.801,-22.461,-23.438,1036.917,319
994,1686190197.025,-258.301,-169.434,-108.398,-69.824,1036.921,319
995,1686190197.029,-172.852,81.543,83.496,-51.758,1036.925,319
996,1686190197.033,198.73,296.387,119.141,2.441,1036.929,320
997,1686190197.037,199.707,49.316,43.457,0.0,1036.933,320
998,1686190197.041,-164.551,-382.812,-129.395,-57.129,1036.937,320
999,1686190197.045,-236.816,-480.957,-183.105,-57.129,1036.941,319
1000,1686190197.048,116.211,-106.445,85.449,-8.789,1036.945,319
1001,1686190197.051,257.812,-161.133,52.734,14.648,1036.947,319
1002,1686190197.052,235.84,-561.035,-159.668,7.324,1036.949,319
1003,1686190197.055,26.855,85.449,129.395,-34.18,1036.951,319
1004,1686190197.056,-97.656,-841.797,-304.199,-38.086,1036.952,318
1005,1686190197.059,-264.648,214.355,77.148,-65.918,1036.955,318
1006,1686190197.06,-279.297,-45.898,65.43,-69.336,1036.956,318
1007,1686190197.063,-87.891,-27.832,28.32,-26.367,1036.959,318
1008,1686190197.064,13.184,88.867,58.594,-18.066,1036.96,318
1009,1686190197.067,239.746,126.465,101.074,13.672,1036.963,318
1010,1686190197.071,133.789,150.391,98.633,-9.766,1036.967,318
1011,1686190197.075,-223.633,-250.977,-146.973,-62.988,1036.971,318
1012,1686190197.078,-201.66,-483.887,-200.684,-47.363,1036.975,318
1013,1686190197.082,163.574,-168.457,46.875,3.906,1036.979,318
1014,1686190197.086,198.73,128.418,118.652,-7.324,1036.983,319
1015,1686190197.09,-162.598,107.422,65.918,-66.895,1036.986,319
1016,1686190197.094,-280.762,-476.562,-212.891,-58.594,1036.99,319
1017,1686190197.096,51.27,-765.625,-155.762,0.0,1036.993,319
1018,1686190197.1,252.441,208.496,248.047,-2.93,1036.996,320
1019,1686190197.104,-41.504,260.742,85.938,-55.664,1037.0,320
1020,1686190197.108,-285.645,-189.453,-46.875,-78.613,1037.004,320
1021,1686190197.112,-14.16,78.613,103.516,-37.109,1037.008,320
1022,1686190197.116,260.254,206.055,141.602,-1.953,1037.012,319
1023,1686190197.12,45.41,-51.27,26.367,-35.156,1037.016,319
1024,1686190197.123,-283.203,-739.258,-360.352,-69.336,1037.02,319
1025,1686190197.127,-149.902,-717.773,-230.957,-41.504,1037.024,319
1026,1686190197.131,221.68,416.504,282.227,-4.883,1037.028,319
1027,1686190197.135,153.32,430.176,107.91,-23.926,1037.032,319
1028,1686190197.139,-221.191,-225.098,-135.254,-73.242,1037.036,319
1029,1686190197.141,-223.633,-142.578,14.16,-68.848,1037.037,319
1030,1686190197.145,146.973,473.145,252.441,-24.414,1037.041,318
1031,1686190197.149,215.82,225.098,37.598,-21.973,1037.045,318
1032,1686190197.153,-145.996,-379.883,-177.734,-75.195,1037.049,318
1033,1686190197.157,-286.133,-113.77,3.418,-83.984,1037.053,318
1034,1686190197.161,45.898,115.234,129.883,-26.367,1037.057,318
1035,1686190197.165,232.422,-251.465,-63.965,-3.418,1037.061,318
1036,1686190197.168,-65.918,-609.863,-200.195,-51.758,1037.064,319
1037,1686190197.172,-299.805,-115.234,51.758,-85.938,1037.068,319
1038,1686190197.176,-44.434,288.574,130.859,-36.133,1037.072,319
1039,1686190197.18,241.211,143.555,105.957,14.16,1037.076,319
1040,1686190197.184,66.406,40.527,69.336,-20.02,1037.08,320
1041,1686190197.187,-255.859,149.902,82.52,-69.824,1037.096,320
1042,1686190197.191,-146.484,95.215,62.5,-37.109,1037.1,320
1043,1686190197.195,198.242,25.879,125.488,9.277,1037.104,320
1044,1686190197.199,150.391,201.66,168.457,-8.789,1037.108,320
1045,1686190197.203,-209.473,99.121,-0.488,-61.523,1037.112,320
1046,1686190197.207,-240.723,-191.895,-96.68,-67.383,1037.116,319
1047,1686190197.211,106.445,-670.41,-231.934,0.977,1037.12,319
1048,1686190197.214,199.219,-760.254,-166.504,10.742,1037.123,319
1049,1686190197.218,-112.305,50.781,149.414,-52.246,1037.127,319
1050,1686190197.222,-282.715,-29.297,-20.996,-63.477,1037.131,319
1051,1686190197.226,16.113,-196.289,-3.906,-10.254,1037.135,319
1052,1686190197.23,251.465,298.34,202.637,14.648,1037.139,319
1053,1686190197.231,0.0,426.27,171.875,-37.598,1037.142,319
1054,1686190197.235,-294.922,-122.07,-62.988,-72.754,1037.146,319
1055,1686190197.239,-73.242,-133.301,-38.574,-27.344,1037.15,319
1056,1686190197.243,248.535,434.082,196.777,11.719,1037.154,319
1057,1686190197.247,97.168,328.613,92.285,-24.414,1037.157,319
1058,1686190197.251,-235.84,-467.773,-246.582,-60.547,1037.161,320
1059,1686190197.255,-184.082,-807.129,-331.543,-39.062,1037.165,320
1060,1686190197.258,193.359,13.184,115.234,1.465,1037.169,320
1061,1686190197.262,209.473,490.234,226.562,-4.395,1037.173,320
1062,1686190197.266,-172.363,-364.746,-209.473,-46.387,1037.177,321
1063,1686190197.27,-263.672,-678.223,-218.75,-54.199,1037.181,321
1064,1686190197.274,115.234,299.805,220.703,-10.742,1037.185,321
1065,1686190197.291,253.906,484.375,180.664,9.277,1037.188,320
1066,1686190197.295,-88.867,-22.949,-54.688,-37.109,1037.192,320
1067,1686190197.299,-296.387,-155.273,-63.477,-57.617,1037.196,320
1068,1686190197.303,-2.441,276.855,161.133,-9.277,1037.2,320
1069,1686190197.307,249.512,431.152,173.34,19.043,1037.204,319
1070,1686190197.311,12.695,-129.883,-76.66,-22.949,1037.207,319
1071,1686190197.315,-284.18,-559.57,-253.906,-63.477,1037.211,319
1072,1686190197.318,-101.562,-353.516,-86.914,-32.715,1037.215,320
1073,1686190197.322,242.676,30.762,134.277,15.137,1037.219,320
1074,1686190197.326,119.141,-561.523,-236.816,-2.441,1037.223,320
1075,1686190197.33,-252.441,-831.055,-315.43,-60.547,1037.227,320
1076,1686190197.334,-202.148,44.434,134.277,-54.688,1037.231,320
1077,1686190197.351,162.109,139.648,45.898,8.789,1037.248,320
1078,1686190197.355,189.453,-280.273,-57.129,5.859,1037.252,320
1079,1686190197.359,-155.762,-83.984,78.613,-54.688,1037.256,319
1080,1686190197.363,-249.512,142.09,104.004,-60.547,1037.259,319
1081,1686190197.367,87.402,2.93,43.945,0.488,1037.263,319
1082,1686190197.371,263.672,-140.137,6.836,26.855,1037.267,319
1083,1686190197.375,-23.926,-135.254,6.348,-24.414,1037.271,319
1084,1686190197.378,-260.742,59.082,60.547,-58.105,1037.275,319
1085,1686190197.381,-126.465,-319.336,-35.156,-28.32,1037.278,319
1086,1686190197.382,-10.742,-275.879,-85.938,-10.254,1037.279,319
1087,1686190197.385,224.121,-45.41,109.375,13.672,1037.282,319
1088,1686190197.386,257.812,-545.898,-127.441,28.32,1037.283,319
1089,1686190197.389,167.969,442.871,212.402,-3.906,1037.286,318
1090,1686190197.39,60.547,-78.125,93.75,-16.602,1037.287,318
1091,1686190197.393,-203.125,107.91,15.137,-48.34,1037.29,318
1092,1686190197.394,-253.418,-19.043,25.391,-57.129,1037.291,318
1093,1686190197.397,-210.449,-166.504,-45.898,-37.109,1037.294,318
1094,1686190197.401,150.391,-13.184,110.84,6.348,1037.298,319
1095,1686190197.405,222.168,31.25,84.961,0.488,1037.302,319
1096,1686190197.408,-132.812,-313.477,-149.414,-51.758,1037.305,319
1097,1686190197.412,-281.25,-459.961,-129.883,-57.129,1037.309,319
1098,1686190197.416,51.27,81.543,148.438,-10.742,1037.313,320
1099,1686190197.42,246.094,490.234,203.125,11.23,1037.317,320
1100,1686190197.424,-36.621,124.023,18.066,-25.391,1037.321,320
1101,1686190197.427,-313.477,-855.469,-486.328,-51.27,1037.325,320
1102,1686190197.431,-92.773,-804.688,-316.895,-18.066,1037.329,319
1103,1686190197.435,245.117,259.766,224.609,16.602,1037.333,319
1104,1686190197.439,66.895,221.68,59.57,-21.484,1037.337,319
1105,1686190197.443,-253.418,-294.922,-189.453,-71.289,1037.341,318
1106,1686190197.447,-134.277,-264.648,-93.262,-43.457,1037.345,318
1107,1686190197.451,189.941,106.445,126.465,4.395,1037.349,318
1108,1686190197.454,167.969,-206.055,-86.914,0.977,1037.352,318
1109,1686190197.458,-206.543,-695.312,-241.211,-49.805,1037.356,317
1110,1686190197.462,-238.281,-58.594,80.566,-56.641,1037.36,317
1111,1686190197.466,130.371,379.395,160.156,-5.859,1037.364,317
1112,1686190197.47,231.934,294.922,157.715,5.859,1037.368,317
1113,1686190197.471,-99.121,111.328,70.312,-43.945,1037.368,317
1114,1686190197.475,-279.297,138.184,49.316,-62.5,1037.372,317
1115,1686190197.479,31.738,222.168,84.473,-17.578,1037.376,317
1116,1686190197.483,265.625,117.676,99.121,8.301,1037.379,317
1117,1686190197.487,12.695,94.238,85.449,-33.691,1037.383,318
1118,1686190197.491,-278.809,-183.105,-117.188,-72.754,1037.387,318
1119,1686190197.495,-79.59,-213.379,-57.617,-31.25,1037.391,318
1120,1686190197.498,223.145,-569.336,-143.066,15.137,1037.395,319
1121,1686190197.502,75.195,-814.941,-206.543,-14.16,1037.399,319
1122,1686190197.506,-235.352,-34.18,77.148,-61.523,1037.403,319
1123,1686190197.51,-167.48,-7.324,3.418,-42.969,1037.407,319
1124,1686190197.514,193.848,-133.301,45.898,4.395,1037.411,318
1125,1686190197.516,223.145,291.504,186.523,-1.953,1037.413,318
1126,1686190197.52,-137.207,291.992,95.703,-47.852,1037.417,318
1127,1686190197.524,-247.07,-133.789,-54.199,-51.758,1037.421,318
1128,1686190197.528,110.84,39.551,65.918,1.953,1037.424,317
1129,1686190197.532,244.629,357.91,163.574,12.207,1037.428,317
1130,1686190197.536,-95.215,-101.562,-84.473,-48.828,1037.432,317
1131,1686190197.54,-284.668,-675.293,-354.004,-57.617,1037.436,317
1132,1686190197.543,-18.066,-911.621,-327.148,-2.441,1037.44,317
1133,1686190197.547,260.742,-0.977,146.484,19.043,1037.444,317
1134,1686190197.551,47.852,391.113,107.91,-16.113,1037.448,317
1135,1686190197.555,-275.391,-192.383,-164.551,-53.711,1037.452,318
1136,1686190197.559,-102.539,-53.223,44.434,-20.508,1037.456,318
1137,1686190197.591,251.953,460.449,224.121,24.902,1037.488,320
1138,1686190197.595,156.25,361.328,88.379,0.977,1037.492,319
1139,1686190197.599,-204.59,-166.016,-144.531,-47.852,1037.496,319
1140,1686190197.603,-184.082,-150.879,-37.598,-41.504,1037.5,319
1141,1686190197.606,-13.184,276.855,186.035,-13.672,1037.532,319
1142,1686190197.607,188.477,273.438,156.738,11.23,1037.503,319
1143,1686190197.61,273.438,293.945,110.84,27.344,1037.536,318
1144,1686190197.611,229.004,145.508,99.609,4.883,1037.507,318
1145,1686190197.614,67.871,71.777,11.719,-16.113,1037.54,318
1146,1686190197.615,-164.062,-680.176,-309.57,-53.711,1037.511,318
1147,1686190197.618,-286.621,-818.848,-371.582,-61.523,1037.515,318
1148,1686190197.618,-258.789,85.938,28.32,-57.617,1037.544,318
1149,1686190197.622,79.102,-87.891,70.801,-13.672,1037.519,318
1150,1686190197.622,-123.047,160.156,95.703,-24.902,1037.547,318
1151,1686190197.626,254.395,58.594,37.598,6.836,1037.523,318
1152,1686190197.626,223.145,-13.672,44.434,24.414,1037.551,318
1153,1686190197.63,-54.688,-519.043,-213.867,-41.992,1037.527,318
1154,1686190197.63,153.32,-83.008,19.531,10.254,1037.555,318
1155,1686190197.633,-199.219,58.594,48.34,-41.016,1037.559,318
1156,1686190197.634,-289.551,-421.387,-45.898,-70.312,1037.531,318
1157,1686190197.637,-205.078,95.215,65.918,-40.039,1037.563,319
1158,1686190197.641,126.953,-27.832,71.777,6.836,1037.567,319
1159,1686190197.645,194.336,-144.531,37.598,9.277,1037.571,319
1160,1686190197.649,-120.605,-178.711,-38.574,-37.598,1037.575,319
1161,1686190197.666,-270.02,9.766,5.371,-55.176,1037.563,321
1162,1686190197.67,37.109,-400.879,-142.578,-4.395,1037.567,321
1163,1686190197.674,232.422,-719.238,-165.039,15.137,1037.571,321
1164,1686190197.678,-25.391,9.277,113.281,-35.645,1037.575,320
1165,1686190197.682,-285.156,22.949,-18.066,-58.594,1037.579,320
1166,1686190197.686,-60.547,-272.949,-92.773,-14.16,1037.583,320
1167,1686190197.69,245.117,-129.395,28.32,17.09,1037.587,320
1168,1686190197.693,82.52,-12.695,52.734,-21.484,1037.59,319
1169,1686190197.697,-263.672,-224.609,-110.84,-64.941,1037.594,319
1170,1686190197.701,-179.199,-317.871,-84.473,-45.898,1037.598,319
1171,1686190197.705,190.918,207.52,173.828,0.488,1037.602,319
1172,1686190197.709,180.176,497.559,193.848,-11.23,1037.606,319
1173,1686190197.712,-187.988,6.836,-83.008,-56.152,1037.608,319
1174,1686190197.716,-268.555,-945.312,-530.762,-38.086,1037.612,319
1175,1686190197.72,91.797,-632.812,-213.379,8.789,1037.616,320
1176,1686190197.724,240.234,407.227,255.859,-0.488,1037.62,320
1177,1686190197.728,-88.867,64.941,-40.039,-45.41,1037.624,320
1178,1686190197.732,-281.25,-549.805,-286.133,-53.711,1037.628,321
1179,1686190197.736,32.715,-171.875,-26.855,-5.859,1037.632,321
1180,1686190197.739,296.875,535.156,257.812,28.809,1037.636,321
1181,1686190197.743,18.555,-121.094,-120.117,-12.207,1037.64,321
1182,1686190197.747,-297.852,-778.32,-301.758,-66.895,1037.644,320
1183,1686190197.751,-80.566,48.34,130.371,-47.363,1037.648,320
1184,1686190197.755,249.512,459.961,188.965,0.977,1037.651,320
1185,1686190197.756,118.652,160.156,97.168,-27.832,1037.653,320
1186,1686190197.76,-234.863,-68.848,23.438,-75.195,1037.657,319
1187,1686190197.764,-181.641,148.438,112.305,-59.082,1037.661,319
1188,1686190197.768,174.316,343.262,163.086,-18.066,1037.665,319
1189,1686190197.772,185.059,60.547,21.973,-22.461,1037.669,319
1190,1686190197.776,-176.758,-291.016,-150.391,-74.707,1037.672,319
1191,1686190197.78,-276.855,-383.789,-206.055,-86.914,1037.676,319
1192,1686190197.783,80.078,-62.5,66.406,-34.668,1037.68,319
1193,1686190197.787,231.445,-497.559,-155.273,-9.277,1037.684,319
1194,1686190197.791,-96.68,-892.578,-359.375,-58.594,1037.688,319
1195,1686190197.795,-288.086,-112.305,26.367,-85.449,1037.692,319
1196,1686190197.799,-4.883,137.207,82.52,-35.645,1037.696,319
1197,1686190197.801,245.117,191.406,111.816,-9.277,1037.698,319
1198,1686190197.805,28.32,314.453,97.168,-47.363,1037.702,319
1199,1686190197.809,-275.391,150.391,38.086,-81.055,1037.706,319
1200,1686190197.813,-111.816,-47.363,18.555,-44.922,1037.71,319
1201,1686190197.817,229.98,97.656,63.477,10.254,1037.714,320
1202,1686190197.821,137.695,59.57,44.922,-2.441,1037.717,320
1203,1686190197.825,-224.609,-255.859,-141.113,-48.828,1037.721,320
1204,1686190197.828,-212.402,-595.703,-304.199,-33.203,1037.725,320
1205,1686190197.832,143.555,-848.633,-255.859,15.625,1037.729,320
1206,1686190197.836,208.008,-12.695,129.883,-0.488,1037.733,320
1207,1686190197.84,-130.371,234.375,52.734,-49.316,1037.737,320
1208,1686190197.844,-264.16,-201.66,-150.391,-52.246,1037.741,319
1209,1686190197.846,75.684,139.16,102.539,-7.812,1037.743,319
1210,1686190197.85,271.484,544.922,238.77,4.883,1037.747,319
1211,1686190197.854,-27.832,267.09,26.855,-33.203,1037.751,318
1212,1686190197.858,-273.438,-177.246,-160.156,-62.5,1037.754,318
1213,1686190197.862,-20.508,-118.652,-6.348,-20.02,1037.758,318
1214,1686190197.866,265.625,33.203,83.008,24.902,1037.762,318
1215,1686190197.87,70.312,-66.406,-6.348,-15.137,1037.766,318
1216,1686190197.873,-277.344,-743.652,-376.953,-59.57,1037.77,318
1217,1686190197.877,-149.414,-748.047,-273.438,-36.133,1037.774,318
1218,1686190197.881,227.051,84.473,155.762,7.812,1037.778,318
1219,1686190197.885,172.363,16.602,-10.254,-3.906,1037.782,319
1220,1686190197.889,-196.289,-379.883,-113.281,-50.293,1037.786,319
1221,1686190197.906,-216.797,-56.641,100.098,-50.781,1037.803,320
1222,1686190197.91,149.414,468.75,222.168,-1.953,1037.807,320
1223,1686190197.914,229.004,289.062,65.918,4.883,1037.81,319
1224,1686190197.918,-116.699,-49.805,-48.34,-52.734,1037.814,319
1225,1686190197.922,-278.32,-14.16,3.418,-67.383,1037.818,319
1226,1686190197.926,40.039,62.988,82.031,-17.578,1037.822,318
1227,1686190197.93,250.977,-251.465,-85.938,10.254,1037.826,318
1228,1686190197.933,-30.273,-635.254,-254.395,-32.227,1037.83,318
1229,1686190197.937,-279.785,-107.422,35.156,-72.754,1037.834,318
1230,1686190197.938,-258.789,-127.93,-131.348,-65.43,1037.847,318
1231,1686190197.941,-41.504,266.602,140.625,-29.297,1037.838,318
1232,1686190197.942,-172.852,44.434,23.926,-46.875,1037.851,318
1233,1686190197.945,244.629,238.281,156.25,10.254,1037.842,318
1234,1686190197.946,187.5,-61.035,36.621,8.301,1037.855,318
1235,1686190197.949,73.242,45.898,8.789,-20.996,1037.846,318
1236,1686190197.95,175.293,28.809,41.992,0.977,1037.859,318
1237,1686190197.954,-187.988,117.676,5.371,-53.223,1037.863,318
1238,1686190197.958,-249.512,-234.375,-146.484,-52.734,1037.867,318
1239,1686190197.962,102.051,-476.562,-146.973,1.465,1037.871,318
1240,1686190197.965,234.375,-236.328,55.664,9.766,1037.875,319
1241,1686190197.969,-79.59,92.773,64.941,-38.574,1037.879,319
1242,1686190197.973,-273.926,-31.25,-65.43,-57.617,1037.882,319
1243,1686190197.977,4.883,-738.77,-287.109,-2.93,1037.886,319
1244,1686190197.981,244.141,-645.996,-154.297,20.508,1037.89,320
1245,1686190197.997,29.297,243.652,174.805,-31.738,1037.894,319
1246,1686190198.001,-272.461,-106.934,-127.441,-69.336,1037.898,319
1247,1686190198.005,-96.68,-401.855,-170.898,-34.18,1037.902,319
1248,1686190198.009,252.441,169.434,156.738,14.16,1037.906,318
1249,1686190198.013,138.672,455.566,145.508,-12.207,1037.909,318
1250,1686190198.017,-238.77,-395.508,-280.273,-58.594,1037.913,318
1251,1686190198.021,-205.566,-803.223,-324.219,-48.828,1037.917,318
1252,1686190198.024,178.223,99.609,130.371,-6.836,1037.921,318
1253,1686190198.028,217.285,545.898,194.336,-16.113,1037.925,318
1254,1686190198.032,-158.203,-329.59,-233.887,-58.105,1037.929,318
1255,1686190198.036,-266.113,-680.664,-250.0,-55.664,1037.933,319
1256,1686190198.04,104.492,226.074,192.871,-3.906,1037.937,319
1257,1686190198.041,272.461,447.754,169.434,13.184,1037.938,319
1258,1686190198.045,-46.387,39.062,-48.828,-43.945,1037.942,319
1259,1686190198.049,-275.879,-140.137,-58.105,-72.266,1037.945,319
1260,1686190198.053,0.0,206.055,128.906,-27.832,1037.949,319
1261,1686190198.057,274.414,359.375,138.672,11.719,1037.953,319
1262,1686190198.061,53.223,-169.922,-99.609,-17.578,1037.957,319
1263,1686190198.065,-274.902,-540.039,-256.348,-57.617,1037.961,319
1264,1686190198.068,-124.023,-329.59,-110.352,-31.738,1037.965,319
1265,1686190198.072,233.398,14.648,104.98,17.09,1037.969,319
1266,1686190198.076,132.324,-542.969,-222.656,4.395,1037.973,319
1267,1686190198.08,-249.512,-947.754,-418.457,-50.781,1037.977,319
1268,1686190198.084,-212.891,-79.59,42.969,-50.781,1037.981,319
1269,1686190198.086,165.527,174.805,63.477,0.0,1037.983,319
1270,1686190198.09,219.727,-21.484,-32.715,-6.348,1037.987,318
1271,1686190198.094,-126.953,138.184,61.035,-64.453,1037.991,318
1272,1686190198.098,-253.418,178.711,98.633,-65.43,1037.995,318
1273,1686190198.102,74.219,104.492,64.453,-5.371,1037.998,318
1274,1686190198.106,259.277,-60.547,15.625,13.184,1038.002,318
1275,1686190198.11,-24.902,-83.496,33.691,-29.785,1038.006,318
1276,1686190198.113,-260.254,-83.008,-52.734,-54.688,1038.01,318
1277,1686190198.117,-23.926,-463.867,-244.629,-5.371,1038.014,319
1278,1686190198.121,249.512,-660.156,-138.184,23.926,1038.018,319
1279,1686190198.125,77.637,42.969,154.297,-27.344,1038.022,319
1280,1686190198.129,-249.512,169.922,10.254,-70.312,1038.026,319
1281,1686190198.132,-141.602,-359.375,-105.469,-42.969,1038.028,319
1282,1686190198.136,218.75,-51.27,110.352,8.301,1038.032,320
1283,1686190198.14,185.059,450.684,182.129,-8.301,1038.036,320
1284,1686190198.144,-187.988,136.719,9.766,-53.711,1038.04,320
1285,1686190198.148,-182.129,-182.617,-68.359,-33.203,1038.044,319
1286,1686190198.152,190.43,-57.617,64.941,13.184,1038.048,319
1287,1686190198.156,237.793,47.852,82.031,8.301,1038.052,319
1288,1686190198.159,-87.402,-156.738,-75.684,-43.457,1038.055,318
1289,1686190198.163,-265.625,-791.016,-360.84,-54.688,1038.059,318
1290,1686190198.167,42.48,-708.984,-202.637,-3.906,1038.063,318
1291,1686190198.171,277.344,166.992,215.332,20.02,1038.067,318
1292,1686190198.175,0.977,66.895,0.977,-17.09,1038.071,317
